61327 100023 2412
61347 100023 2415
61367 100023 2418
61387 100023 2422
61407 100023 2424
61427 100022 2427
61447 100024 2429
61467 100024 2431
61487 100024 2434
61507 100024 2436
61527 100023 2437
61547 100023 2439
61567 100025 2440
61587 100023 2442
61607 100026 2443
61627 100028 2444
61647 100026 2446
61667 100026 2447
61687 100026 2448
61707 100025 2449
61727 100028 2450
61747 100026 2451
61767 100023 2451
61787 100027 2452
61807 100027 2453
61827 100026 2454
61847 100026 2454
61867 100024 2455
61887 100027 2455
61907 100028 2456
61927 100027 2457
61947 100028 2457
61967 100028 2458
61987 100028 2458
62007 100027 2459
62027 100029 2459
62047 100027 2460
62067 100029 2460
62087 100028 2460
62107 100028 2461
62127 100030 2461
62147 100027 2462
62167 100030 2462
62187 100031 2463
62207 100028 2463
62227 100026 2463
62247 100028 2464
62267 100031 2464
62287 100028 2464
62307 100030 2464
62327 100030 2465
62347 100031 2465
62367 100030 2465
62387 100030 2466
62407 100026 2466
62427 100029 2466
62447 100030 2467
62467 100026 2467
62487 100029 2467
62507 100029 2467
62527 100029 2468
62547 100028 2468
62567 100026 2468
62587 100027 2469
62607 100028 2469
62627 100029 2469
62647 100027 2469
62667 100027 2470
62687 100026 2470
62707 100027 2470
62727 100029 2470
62747 100030 2471
62767 100028 2471
62787 100030 2471
62807 100028 2471
62827 100026 2471
62847 100029 2472
62867 100028 2472
62887 100030 2472
62907 100032 2472
62927 100029 2472
62947 100031 2473
62967 100030 2473
62987 100029 2473
63007 100030 2473
63027 100027 2474
63047 100028 2474
63067 100029 2474
63087 100028 2474
63107 100028 2474
63127 100029 2474
63147 100027 2475
63167 100029 2475
63187 100028 2475
63207 100025 2475
63227 100028 2475
63247 100028 2475
63267 100027 2476
63287 100028 2476
63307 100027 2476
63327 100027 2476
63347 100029 2476
63367 100030 2477
63387 100029 2477
63407 100027 2477
63427 100027 2477
63447 100031 2477
63467 100027 2477
63487 100030 2477
63507 100028 2478
63527 100030 2478
63547 100028 2478
63567 100026 2478
63587 100028 2479
63607 100031 2479
63627 100028 2479
63647 100029 2479
63667 100027 2479
63687 100027 2479
63707 100027 2479
63727 100029 2480
63747 100029 2480
63767 100027 2480
63787 100028 2480
63807 100028 2480
63827 100028 2480
63847 100027 2481
63867 100029 2481
63887 100030 2481
63907 100027 2481
63927 100029 2481
63947 100032 2481
63967 100031 2482
63987 100025 2482
64007 100028 2482
64027 100029 2482
64047 100028 2482
64067 100027 2482
64087 100026 2483
64107 100027 2483
64127 100028 2483
64147 100028 2483
64167 100028 2483
64187 100027 2483
64207 100031 2484
64227 100028 2483
64247 100029 2484
64267 100029 2484
64287 100029 2484
64307 100029 2484
64327 100031 2485
64347 100031 2484
64367 100026 2485
64387 100026 2485
64407 100027 2485
64427 100029 2485
64447 100029 2485
64467 100029 2485
64487 100027 2486
64507 100029 2486
64527 100028 2486
64547 100029 2486
64567 100033 2486
64587 100028 2486
64607 100031 2486
64627 100032 2486
64647 100027 2487
64667 100028 2487
64687 100026 2487
64707 100027 2487
64727 100029 2487
64747 100026 2487
64767 100025 2487
64787 100028 2488
64807 100026 2488
64827 100029 2488
64847 100028 2488
64867 100029 2488
64887 100028 2488
64907 100031 2488
64927 100028 2488
64947 100032 2489
64967 100030 2489
64987 100026 2489
65007 100027 2489
65027 100032 2489
65047 100031 2489
65067 100028 2490
65087 100028 2490
65107 100029 2490
65127 100029 2490
65147 100028 2490
65167 100031 2490
65187 100027 2490
65207 100029 2490
65227 100025 2491
65247 100030 2491
65267 100029 2491
65287 100028 2491
65307 100027 2491
65327 100030 2491
65347 100030 2491
65367 100028 2492
65387 100030 2492
65407 100028 2492
65427 100028 2492
65447 100029 2492
65467 100028 2492
65487 100031 2492
65507 100030 2492
65527 100028 2492
65547 100027 2493
65567 100028 2493
65587 100029 2493
65607 100025 2493
65627 100026 2493
65647 100028 2493
65667 100029 2493
65687 100032 2494
65707 100024 2494
65727 100030 2494
65747 100029 2494
65767 100029 2494
65787 100030 2494
65807 100027 2494
65827 100026 2494
65847 100028 2495
65867 100027 2495
65887 100031 2495
65907 100029 2495
65927 100028 2495
65947 100032 2495
65967 100027 2495
65987 100027 2495
66007 100027 2495
66027 100028 2496
66047 100028 2496
66067 100030 2496
66087 100027 2496
66107 100028 2496
66127 100027 2496
66147 100033 2496
66167 100030 2497
66187 100028 2497
66207 100029 2497
66227 100029 2497
66247 100029 2497
66267 100028 2497
66287 100031 2497
66307 100027 2498
66327 100026 2498
66347 100030 2498
66367 100029 2498
66387 100029 2498
66407 100030 2498
66427 100025 2498
66447 100028 2498
66467 100026 2498
66487 100029 2499
66507 100028 2499
66527 100027 2499
66547 100029 2499
66567 100027 2499
66587 100028 2499
66607 100027 2499
66627 100028 2500
66647 100027 2500
66667 100028 2500
66687 100028 2500
66707 100028 2500
66727 100029 2500
66747 100030 2500
66767 100031 2501
66787 100030 2501
66807 100031 2501
66827 100029 2501
66847 100028 2501
66867 100028 2501
66887 100026 2501
66907 100028 2501
66927 100028 2501
66947 100030 2501
66967 100029 2502
66987 100029 2502
67007 100027 2502
67027 100032 2502
67047 100030 2502
67067 100030 2502
67087 100030 2502
67107 100027 2503
67127 100029 2503
67147 100028 2503
67167 100030 2503
67187 100030 2503
67207 100029 2503
67227 100028 2503
67247 100032 2504
67267 100025 2504
67287 100032 2504
67307 100032 2504
67327 100028 2504
67347 100027 2504
67367 100027 2504
67387 100031 2504
67407 100026 2505
67427 100028 2505
67447 100027 2505
67467 100031 2505
67487 100029 2505
67507 100028 2505
67527 100028 2505
67547 100027 2506
67567 100029 2506
67587 100030 2506
67607 100028 2506
67627 100026 2506
67647 100028 2506
67667 100027 2506
67687 100031 2506
67707 100029 2506
67727 100029 2507
67747 100030 2507
67767 100030 2507
67787 100028 2507
67807 100028 2507
67827 100026 2508
67847 100027 2508
67867 100026 2508
67887 100032 2508
67907 100031 2508
67927 100028 2508
67947 100028 2508
67967 100028 2509
67987 100029 2509
68007 100029 2509
68027 100027 2509
68047 100029 2509
68067 100027 2509
68087 100027 2509
68107 100028 2510
68127 100027 2509
68147 100027 2510
68167 100034 2510
68187 100029 2510
68207 100028 2510
68227 100029 2510
68247 100032 2511
68267 100025 2511
68287 100027 2511
68307 100026 2511
68327 100026 2511
68347 100028 2511
68367 100030 2512
68387 100029 2512
68407 100026 2512
68427 100030 2512
68447 100029 2512
68467 100027 2512
68487 100027 2512
68507 100028 2513
68527 100030 2513
68547 100026 2513
68567 100029 2513
68587 100027 2513
68607 100026 2513
68627 100029 2513
68647 100028 2514
68667 100029 2514
68687 100029 2514
68707 100028 2514
68727 100028 2514
68747 100026 2514
68767 100030 2514
68787 100030 2514
68807 100031 2515
68827 100026 2515
68847 100027 2515
68867 100027 2515
68887 100027 2515
68907 100026 2515
68927 100027 2515
68947 100027 2516
68967 100027 2516
68987 100025 2516
69007 100026 2516
69027 100029 2516
69047 100028 2516
69067 100029 2516
69087 100028 2516
69107 100027 2517
69127 100028 2517
69147 100027 2517
69167 100029 2517
69187 100026 2517
69207 100029 2517
69227 100027 2517
69247 100029 2517
69267 100030 2518
69287 100027 2518
69307 100027 2517
69327 100027 2518
69347 100027 2518
69367 100030 2518
69387 100027 2518
69407 100031 2518
69427 100028 2518
69447 100029 2518
69467 100029 2518
69487 100028 2519
69507 100025 2518
69527 100031 2519
69547 100028 2519
69567 100026 2519
69587 100026 2519
69607 100028 2519
69627 100027 2519
69647 100027 2519
69667 100029 2519
69687 100028 2520
69707 100027 2520
69727 100025 2520
69747 100025 2520
69767 100026 2520
69787 100029 2520
69807 100027 2520
69827 100028 2520
69847 100029 2520
69867 100028 2521
69887 100027 2521
69907 100028 2521
69927 100025 2521
69947 100028 2521
69967 100024 2521
69987 100027 2521
70007 100028 2521
70027 100028 2521
70047 100027 2522
70067 100030 2522
70087 100029 2522
70107 100028 2522
70127 100027 2522
70147 100028 2522
70167 100029 2522
70187 100025 2522
70207 100028 2523
70227 100025 2523
70247 100028 2523
70267 100028 2523
70287 100028 2523
70307 100024 2523
70327 100029 2523
70347 100027 2523
70367 100027 2524
70387 100026 2524
70407 100025 2524
70427 100024 2524
70447 100026 2524
70467 100026 2524
70487 100028 2524
70507 100027 2524
70527 100028 2525
70547 100027 2524
70567 100029 2525
70587 100027 2525
70607 100028 2525
70627 100028 2525
70647 100026 2525
70667 100029 2525
70687 100025 2526
70707 100026 2526
70727 100027 2526
70747 100027 2526
70767 100028 2526
70787 100028 2526
70807 100026 2527
70827 100026 2527
70847 100026 2527
70867 100026 2527
70887 100026 2527
70907 100027 2527
70927 100023 2527
70947 100028 2527
70967 100025 2527
70987 100026 2527
71007 100025 2528
71027 100028 2528
71047 100024 2528
71067 100028 2528
71087 100026 2528
71107 100026 2528
71127 100028 2528
71147 100025 2528
71167 100026 2529
71187 100027 2529
71207 100026 2529
71227 100031 2529
71247 100027 2529
71267 100027 2529
71287 100027 2529
71307 100026 2530
71327 100027 2530
71347 100029 2530
71367 100025 2530
71387 100029 2530
71407 100023 2530
71427 100028 2530
71447 100027 2531
71467 100022 2531
71487 100025 2531
71507 100026 2531
71527 100027 2531
71547 100024 2531
71567 100028 2532
71587 100026 2532
71607 100026 2532
71627 100025 2532
71647 100027 2532
71667 100024 2532
71687 100025 2532
71707 100028 2533
71727 100026 2532
71747 100026 2533
71767 100026 2533
71787 100026 2533
71807 100027 2533
71827 100024 2533
71847 100029 2533
71867 100027 2533
71887 100024 2533
71907 100024 2533
71927 100026 2534
71947 100025 2534
71967 100024 2534
71987 100026 2534
72007 100027 2534
72027 100027 2534
72047 100024 2534
72067 100029 2535
72087 100026 2535
72107 100025 2535
72127 100029 2535
72147 100027 2535
72167 100024 2535
72187 100027 2535
72207 100024 2535
72227 100029 2535
72247 100026 2536
72267 100025 2536
72287 100029 2536
72307 100025 2536
72327 100027 2536
72347 100027 2536
72367 100027 2536
72387 100028 2537
72407 100025 2537
72427 100024 2537
72447 100026 2537
72467 100024 2537
72487 100027 2537
72507 100027 2537
72527 100026 2537
72547 100023 2537
72567 100024 2538
72587 100026 2538
72607 100024 2538
72627 100024 2538
72647 100028 2538
72667 100025 2538
72687 100025 2538
72707 100028 2538
72727 100027 2539
72747 100027 2539
72767 100025 2539
72787 100024 2539
72807 100027 2539
72827 100026 2539
72847 100026 2540
72867 100028 2539
72887 100026 2540
72907 100026 2540
72927 100027 2540
72947 100025 2540
72967 100023 2540
72987 100026 2540
73007 100025 2540
73027 100026 2541
73047 100025 2541
73067 100024 2541
73087 100024 2541
73107 100028 2541
73127 100025 2541
73147 100026 2541
73167 100026 2541
73187 100029 2542
73207 100026 2542
73227 100028 2542
73247 100025 2542
73267 100027 2542
73287 100023 2542
73307 100026 2542
73327 100026 2542
73347 100028 2543
73367 100026 2543
73387 100025 2543
73407 100027 2543
73427 100024 2543
73447 100026 2543
73467 100026 2543
73487 100026 2543
73507 100025 2544
73527 100025 2544
73547 100024 2544
73567 100028 2544
73587 100026 2544
73607 100025 2544
73627 100025 2544
73647 100026 2544
73667 100023 2544
73687 100027 2545
73707 100023 2545
73727 100026 2545
73747 100027 2545
73767 100025 2545
73787 100024 2545
73807 100026 2545
73827 100025 2546
73847 100025 2546
73867 100027 2546
73887 100024 2546
73907 100026 2546
73927 100026 2546
73947 100025 2546
73967 100023 2546
73987 100027 2547
74007 100026 2547
74027 100028 2547
74047 100027 2547
74067 100026 2547
74087 100026 2547
74107 100025 2547
74127 100026 2547
74147 100025 2547
74167 100027 2547
74187 100025 2548
74207 100026 2548
74227 100023 2548
74247 100027 2548
74267 100024 2548
74287 100026 2548
74307 100026 2548
74327 100026 2548
74347 100027 2549
74367 100027 2549
74387 100025 2549
74407 100026 2549
74427 100024 2549
74447 100025 2549
74467 100026 2549
74487 100025 2549
74507 100027 2550
74527 100023 2549
74547 100025 2550
74567 100027 2550
74587 100025 2550
74607 100026 2550
74627 100027 2550
74647 100024 2550
74667 100023 2550
74687 100028 2550
74707 100024 2550
74727 100025 2551
74747 100024 2551
74767 100024 2551
74787 100027 2551
74807 100025 2551
74827 100025 2551
74847 100026 2551
74867 100026 2551
74887 100024 2551
74907 100026 2552
74927 100029 2552
74947 100025 2552
74967 100025 2552
74987 100027 2552
75007 100025 2552
75027 100025 2552
75047 100024 2552
75067 100025 2553
75087 100027 2553
75107 100024 2553
75127 100024 2553
75147 100024 2553
75167 100024 2553
75187 100027 2553
75207 100025 2553
75227 100023 2553
75247 100026 2553
75267 100025 2553
75287 100024 2554
75307 100027 2554
75327 100027 2554
75347 100023 2554
75367 100026 2554
75387 100025 2554
75407 100026 2554
75427 100027 2554
75447 100028 2555
75467 100024 2555
75487 100025 2554
75507 100028 2555
75527 100027 2555
75547 100025 2555
75567 100025 2555
75587 100023 2555
75607 100026 2555
75627 100025 2555
75647 100027 2555
75667 100025 2555
75687 100026 2556
75707 100026 2556
75727 100024 2555
75747 100025 2556
75767 100025 2556
75787 100027 2556
75807 100025 2556
75827 100026 2556
75847 100027 2556
75867 100023 2556
75887 100022 2556
75907 100023 2556
75927 100028 2557
75947 100025 2557
75967 100025 2557
75987 100025 2557
76007 100022 2557
76027 100026 2557
76047 100024 2557
76067 100025 2557
76087 100024 2557
76107 100025 2557
76127 100023 2558
76147 100027 2558
76167 100026 2558
76187 100026 2558
76207 100027 2558
76227 100024 2558
76247 100026 2558
76267 100029 2558
76287 100026 2558
76307 100023 2558
76327 100025 2558
76347 100027 2559
76367 100029 2559
76387 100026 2559
76407 100024 2559
76427 100024 2559
76447 100024 2559
76467 100026 2559
76487 100024 2560
76507 100028 2560
76527 100023 2560
76547 100025 2560
76567 100025 2560
76587 100028 2560
76607 100026 2560
76627 100025 2560
76647 100028 2560
76667 100025 2560
76687 100024 2561
76707 100025 2561
76727 100024 2561
76747 100023 2561
76767 100024 2561
76787 100024 2561
76807 100027 2561
76827 100022 2561
76847 100025 2561
76867 100026 2561
76887 100025 2561
76907 100024 2561
76927 100026 2561
76947 100024 2561
76967 100026 2562
76987 100025 2562
77007 100027 2562
77027 100025 2562
77047 100025 2562
77067 100026 2562
77087 100023 2562
77107 100025 2563
77127 100024 2562
77147 100025 2562
77167 100026 2563
77187 100025 2562
77207 100026 2563
77227 100025 2563
77247 100025 2563
77267 100024 2563
77287 100022 2563
77307 100026 2563
77327 100026 2563
77347 100027 2564
77367 100027 2564
77387 100023 2564
77407 100026 2564
77427 100024 2564
77447 100021 2564
77467 100026 2564
77487 100025 2564
77507 100023 2564
77527 100024 2564
77547 100026 2564
77567 100027 2564
77587 100025 2565
77607 100025 2565
77627 100023 2565
77647 100023 2565
77667 100024 2565
77687 100022 2565
77707 100026 2565
77727 100024 2565
77747 100023 2565
77767 100025 2565
77787 100023 2565
77807 100023 2566
77827 100025 2566
77847 100026 2566
77867 100025 2566
77887 100021 2566
77907 100024 2566
77927 100023 2566
77947 100026 2566
77967 100024 2566
77987 100022 2566
78007 100026 2566
78027 100026 2567
78047 100024 2567
78067 100026 2567
78087 100021 2567
78107 100024 2567
78127 100025 2567
78147 100025 2567
78167 100027 2567
78187 100023 2567
78207 100022 2567
78227 100025 2567
78247 100026 2568
78267 100024 2567
78287 100024 2568
78307 100024 2568
78327 100022 2568
78347 100025 2568
78367 100024 2568
78387 100027 2568
78407 100023 2569
78427 100022 2569
78447 100027 2569
78467 100026 2569
78487 100028 2569
78507 100026 2569
78527 100024 2569
78547 100024 2569
78567 100025 2569
78587 100025 2570
78607 100024 2570
78627 100025 2570
78647 100024 2570
78667 100023 2570
78687 100024 2570
78707 100029 2570
78727 100025 2571
78747 100025 2571
78767 100026 2571
78787 100027 2571
78807 100025 2571
78827 100026 2571
78847 100026 2572
78867 100025 2572
78887 100025 2572
78907 100028 2572
78927 100026 2572
78947 100026 2572
78967 100023 2572
78987 100026 2572
79007 100025 2573
79027 100028 2573
79047 100027 2573
79067 100027 2573
79087 100025 2573
79107 100028 2573
79127 100026 2573
79147 100027 2574
79167 100026 2573
79187 100027 2574
79207 100024 2574
79227 100027 2574
79247 100031 2574
79267 100025 2574
79287 100029 2574
79307 100024 2574
79327 100026 2574
79347 100027 2575
79367 100027 2575
79387 100025 2575
79407 100026 2575
79427 100024 2575
79447 100025 2575
79467 100025 2575
79487 100026 2576
79507 100028 2576
79527 100026 2576
79547 100025 2576
79567 100026 2576
79587 100028 2576
79607 100026 2576
79627 100028 2576
79647 100028 2576
79667 100027 2576
79687 100025 2576
79707 100027 2576
79727 100027 2577
79747 100030 2577
79767 100025 2577
79787 100026 2577
79807 100027 2577
79827 100029 2577
79847 100028 2577
79867 100026 2578
79887 100026 2578
79907 100026 2578
79927 100027 2578
79947 100024 2578
79967 100027 2578
79987 100025 2578
80007 100029 2578
80027 100027 2578
80047 100029 2578
80067 100025 2578
80087 100025 2579
80107 100025 2579
80127 100026 2579
80147 100026 2579
80167 100024 2579
80187 100028 2579
80207 100026 2579
80227 100027 2580
80247 100028 2580
80267 100026 2580
80287 100025 2580
80307 100028 2580
80327 100028 2580
80347 100025 2580
80367 100026 2580
80387 100025 2580
80407 100024 2580
80427 100027 2580
80447 100024 2580
80467 100025 2581
80487 100027 2581
80507 100027 2581
80527 100023 2581
80547 100025 2581
80567 100026 2581
80587 100025 2581
80607 100024 2581
80627 100025 2582
80647 100024 2582
80667 100027 2582
80687 100027 2582
80707 100028 2582
80727 100025 2582
80747 100028 2582
80767 100025 2582
80787 100022 2582
80807 100026 2582
80827 100026 2582
80847 100025 2582
80867 100024 2582
80887 100027 2583
80907 100023 2583
80927 100024 2583
80947 100022 2583
80967 100025 2583
80987 100024 2583
81007 100027 2583
81027 100023 2583
81047 100025 2583
81067 100025 2583
81087 100025 2583
81107 100024 2583
81127 100023 2583
81147 100025 2583
81167 100023 2583
81187 100024 2584
81207 100026 2584
81227 100026 2584
81247 100026 2584
81267 100024 2584
81287 100024 2584
81307 100022 2584
81327 100024 2584
81347 100023 2585
81367 100024 2585
81387 100023 2585
81407 100023 2585
81427 100025 2585
81447 100026 2585
81467 100024 2585
81487 100024 2585
81507 100024 2585
81527 100024 2586
81547 100026 2586
81567 100023 2586
81587 100026 2586
81607 100024 2586
81627 100027 2586
81647 100027 2586
81667 100024 2587
81687 100022 2586
81707 100026 2587
81727 100026 2587
81747 100023 2587
81767 100027 2587
81787 100024 2587
81807 100024 2587
81827 100023 2587
81847 100022 2587
81867 100024 2587
81887 100021 2588
81907 100026 2588
81927 100025 2588
81947 100022 2588
81967 100026 2588
81987 100024 2588
82007 100026 2588
82027 100026 2588
82047 100024 2589
82067 100025 2589
82087 100025 2588
82107 100024 2589
82127 100025 2589
82147 100023 2589
82167 100025 2589
82187 100022 2589
82207 100026 2589
82227 100026 2589
82247 100025 2590
82267 100028 2589
82287 100024 2590
82307 100025 2590
82327 100024 2590
82347 100025 2590
82367 100026 2590
82387 100026 2590
82407 100025 2590
82427 100022 2590
82447 100024 2590
82467 100023 2590
82487 100020 2591
82507 100023 2591
82527 100025 2591
82547 100025 2591
82567 100024 2591
82587 100026 2591
82607 100023 2591
82627 100022 2591
82647 100022 2591
82667 100024 2592
82687 100022 2592
82707 100026 2592
82727 100026 2592
82747 100023 2592
82767 100021 2592
82787 100024 2592
82807 100025 2592
82827 100022 2592
82847 100024 2592
82867 100024 2592
82887 100027 2592
82907 100026 2593
82927 100023 2593
82947 100023 2593
82967 100024 2593
82987 100024 2593
83007 100024 2593
83027 100024 2593
83047 100023 2593
83067 100025 2593
83087 100026 2594
83107 100022 2594
83127 100024 2594
83147 100024 2594
83167 100025 2594
83187 100024 2594
83207 100025 2594
83227 100022 2594
83247 100023 2594
83267 100026 2594
83287 100026 2595
83307 100025 2595
83327 100023 2595
83347 100025 2595
83367 100026 2595
83387 100025 2595
83407 100024 2595
83427 100022 2595
83447 100025 2595
83467 100022 2595
83487 100023 2595
83507 100023 2595
83527 100025 2596
83547 100025 2596
83567 100026 2596
83587 100024 2596
83607 100023 2596
83627 100020 2596
83647 100026 2596
83667 100025 2596
83687 100023 2596
83707 100025 2596
83727 100024 2596
83747 100022 2596
83767 100024 2596
83787 100024 2597
83807 100027 2597
83827 100027 2597
83847 100025 2597
83867 100023 2597
83887 100025 2597
83907 100023 2597
83927 100025 2597
83947 100023 2597
83967 100026 2598
83987 100027 2598
84007 100022 2598
84027 100023 2598
84047 100027 2598
84067 100026 2598
84087 100023 2598
84107 100023 2598
84127 100026 2598
84147 100026 2598
84167 100024 2598
84187 100023 2599
84207 100026 2599
84227 100023 2599
84247 100025 2599
84267 100026 2599
84287 100024 2599
84307 100024 2599
84327 100026 2599
84347 100024 2599
84367 100026 2600
84387 100025 2599
84407 100022 2600
84427 100024 2600
84447 100026 2600
84467 100026 2600
84487 100022 2600
84507 100025 2600
84527 100025 2601
84547 100025 2600
84567 100026 2601
84587 100026 2601
84607 100025 2601
84627 100024 2601
84647 100023 2601
84667 100024 2601
84687 100025 2601
84707 100024 2602
84727 100024 2601
84747 100025 2602
84767 100024 2602
84787 100025 2602
84807 100021 2602
84827 100023 2602
84847 100024 2602
84867 100025 2602
84887 100024 2602
84907 100024 2603
84927 100021 2602
84947 100022 2603
84967 100025 2603
84987 100025 2603
85007 100025 2603
85027 100024 2603
85047 100022 2603
85067 100025 2604
85087 100023 2603
85107 100025 2604
85127 100024 2604
85147 100024 2604
85167 100024 2604
85187 100022 2604
85207 100024 2604
85227 100024 2604
85247 100025 2604
85267 100025 2604
85287 100023 2605
85307 100026 2605
85327 100025 2605
85347 100023 2605
85367 100023 2605
85387 100025 2605
85407 100023 2605
85427 100024 2605
85447 100022 2605
85467 100026 2605
85487 100023 2605
85507 100028 2606
85527 100025 2606
85547 100023 2606
85567 100023 2606
85587 100023 2606
85607 100026 2606
85627 100023 2606
85647 100024 2606
85667 100024 2606
85687 100023 2606
85707 100024 2607
85727 100023 2607
85747 100025 2607
85767 100025 2607
85787 100021 2607
85807 100026 2607
85827 100024 2607
85847 100025 2607
85867 100023 2607
85887 100022 2608
85907 100022 2608
85927 100026 2608
85947 100025 2608
85967 100027 2608
85987 100028 2608
86007 100026 2608
86027 100027 2608
86047 100027 2609
86067 100023 2608
86087 100023 2609
86107 100026 2609
86127 100025 2609
86147 100027 2609
86167 100026 2609
86187 100023 2609
86207 100024 2609
86227 100026 2609
86247 100022 2609
86267 100027 2610
86287 100026 2609
86307 100022 2610
86327 100023 2609
86347 100024 2610
86367 100026 2610
86387 100028 2610
86407 100023 2610
86427 100023 2610
86447 100023 2610
86467 100027 2610
86487 100027 2610
86507 100027 2610
86527 100024 2610
86547 100023 2610
86567 100027 2610
86587 100022 2610
86607 100024 2611
86627 100023 2611
86647 100024 2610
86667 100020 2610
86687 100022 2611
86707 100021 2611
86727 100023 2611
86747 100026 2611
86767 100020 2611
86787 100023 2611
86807 100023 2611
86827 100022 2611
86847 100025 2611
86867 100024 2611
86887 100023 2611
86907 100024 2611
86927 100023 2611
86947 100023 2611
86967 100023 2612
86987 100027 2612
87007 100023 2612
87027 100026 2612
87047 100024 2612
87067 100023 2612
87087 100024 2612
87107 100025 2612
87127 100025 2612
87147 100022 2612
87167 100025 2612
87187 100026 2612
87207 100023 2612
87227 100026 2612
87247 100025 2612
87267 100028 2613
87287 100022 2612
87307 100026 2613
87327 100023 2613
87347 100024 2613
87367 100024 2613
87387 100024 2613
87407 100027 2613
87427 100023 2613
87447 100024 2613
87467 100024 2613
87487 100026 2613
87507 100024 2613
87527 100024 2613
87547 100024 2613
87567 100028 2614
87587 100025 2614
87607 100025 2614
87627 100028 2614
87647 100027 2614
87667 100030 2614
87687 100025 2614
87707 100025 2614
87727 100026 2614
87747 100027 2614
87767 100026 2614
87787 100027 2614
87807 100025 2614
87827 100029 2614
87847 100029 2614
87867 100026 2615
87887 100026 2615
87907 100027 2615
87927 100027 2615
87947 100030 2615
87967 100026 2615
87987 100025 2615
88007 100031 2615
88027 100025 2615
88047 100028 2615
88067 100029 2615
88087 100030 2615
88107 100027 2616
88127 100029 2616
88147 100029 2616
88167 100029 2616
88187 100028 2616
88207 100030 2616
88227 100031 2616
88247 100027 2616
88267 100027 2616
88287 100028 2616
88307 100027 2616
88327 100025 2616
88347 100028 2616
88367 100029 2616
88387 100029 2616
88407 100030 2616
88427 100028 2617
88447 100029 2616
88467 100030 2617
88487 100029 2616
88507 100028 2617
88527 100029 2617
88547 100029 2617
88567 100031 2617
88587 100033 2617
88607 100030 2617
88627 100029 2617
88647 100030 2617
88667 100030 2617
88687 100030 2617
88707 100029 2617
88727 100027 2617
88747 100030 2617
88767 100030 2618
88787 100032 2618
88807 100032 2618
88827 100030 2618
88847 100031 2618
88867 100032 2618
88887 100031 2618
88907 100032 2618
88927 100031 2618
88947 100030 2618
88967 100031 2618
88987 100033 2619
89007 100035 2619
89027 100030 2619
89047 100034 2619
89067 100034 2619
89087 100034 2619
89107 100032 2619
89127 100033 2619
89147 100032 2619
89167 100032 2619
89187 100035 2619
89207 100034 2619
89227 100033 2619
89247 100036 2619
89267 100034 2619
89287 100033 2619
89307 100032 2619
89327 100034 2619
89347 100035 2619
89367 100034 2620
89387 100034 2619
89407 100033 2619
89427 100035 2620
89447 100032 2620
89467 100033 2620
89487 100036 2620
89507 100033 2620
89527 100033 2620
89547 100034 2620
89567 100034 2620
89587 100033 2620
89607 100034 2620
89627 100035 2620
89647 100030 2620
89667 100035 2620
89687 100034 2620
89707 100038 2620
89727 100037 2620
89747 100032 2620
89767 100035 2620
89787 100034 2620
89807 100035 2620
89827 100034 2620
89847 100038 2620
89867 100034 2620
89887 100037 2620
89907 100035 2620
89927 100035 2620
89947 100035 2621
89967 100036 2620
89987 100036 2621
90007 100038 2621
90027 100038 2621
90047 100035 2621
90067 100034 2621
90087 100037 2621
90107 100036 2621
90127 100039 2621
90147 100038 2621
90167 100038 2621
90187 100038 2621
90207 100038 2621
90227 100039 2621
90247 100037 2621
90267 100042 2621
90287 100036 2621
90307 100036 2621
90327 100038 2622
90347 100038 2622
90367 100036 2622
90387 100039 2622
90407 100037 2622
90427 100037 2622
90447 100037 2622
90467 100040 2622
90487 100040 2622
90507 100039 2622
90527 100039 2622
90547 100038 2622
90567 100036 2622
90587 100040 2622
90607 100040 2622
90627 100037 2622
90647 100040 2622
90667 100038 2622
90687 100040 2622
90707 100037 2623
90727 100039 2623
90747 100039 2623
90767 100037 2623
90787 100037 2623
90807 100039 2623
90827 100038 2623
90847 100037 2623
90867 100042 2623
90887 100039 2623
90907 100040 2623
90927 100040 2623
90947 100040 2623
90967 100040 2623
90987 100041 2623
91007 100043 2623
91027 100039 2623
91047 100043 2623
91067 100037 2623
91087 100044 2623
91107 100042 2623
91127 100041 2623
91147 100040 2623
91167 100041 2623
91187 100042 2623
91207 100044 2623
91227 100042 2623
91247 100042 2623
91267 100041 2623
91287 100040 2623
91307 100041 2623
91327 100040 2623
91347 100044 2624
91367 100045 2623
91387 100042 2624
91407 100043 2624
91427 100042 2624
91447 100042 2624
91467 100045 2624
91487 100043 2624
91507 100046 2624
91527 100043 2624
91547 100044 2624
91567 100043 2624
91587 100040 2624
91607 100043 2624
91627 100043 2624
91647 100045 2625
91667 100043 2625
91687 100044 2625
91707 100045 2625
91727 100044 2625
91747 100044 2625
91767 100044 2625
91787 100043 2625
91807 100044 2625
91827 100047 2625
91847 100046 2625
91867 100047 2626
91887 100048 2626
91907 100045 2626
91927 100047 2626
91947 100046 2626
91967 100047 2626
91987 100046 2626
92007 100046 2626
92027 100045 2626
92047 100044 2626
92067 100046 2626
92087 100046 2626
92107 100047 2626
92127 100044 2626
92147 100045 2626
92167 100046 2627
92187 100044 2627
92207 100047 2627
92227 100046 2627
92247 100045 2627
92267 100049 2627
92287 100049 2627
92307 100048 2627
92327 100047 2627
92347 100050 2627
92367 100048 2627
92387 100050 2627
92407 100049 2627
92427 100050 2627
92447 100050 2628
92467 100050 2628
92487 100051 2628
92507 100049 2628
92527 100049 2628
92547 100050 2628
92567 100050 2628
92587 100054 2628
92607 100049 2628
92627 100051 2628
92647 100053 2628
92667 100053 2628
92687 100051 2628
92707 100053 2629
92727 100054 2629
92747 100053 2629
92767 100053 2629
92787 100053 2629
92807 100052 2629
92827 100050 2629
92847 100053 2629
92867 100056 2629
92887 100053 2629
92907 100050 2629
92927 100051 2629
92947 100054 2629
92967 100053 2629
92987 100051 2629
93007 100052 2629
93027 100051 2629
93047 100055 2629
93067 100051 2630
93087 100053 2629
93107 100054 2630
93127 100053 2630
93147 100053 2630
93167 100054 2630
93187 100054 2630
93207 100053 2630
93227 100056 2630
93247 100054 2630
93267 100054 2630
93287 100055 2630
93307 100051 2630
93327 100055 2630
93347 100051 2630
93367 100053 2630
93387 100051 2630
93407 100056 2630
93427 100053 2630
93447 100053 2630
93467 100055 2630
93487 100056 2630
93507 100057 2630
93527 100055 2630
93547 100053 2630
93567 100052 2631
93587 100051 2631
93607 100052 2631
93627 100052 2631
93647 100052 2631
93667 100051 2631
93687 100053 2631
93707 100053 2631
93727 100056 2631
93747 100053 2631
93767 100055 2631
93787 100052 2631
93807 100057 2631
93827 100051 2631
93847 100054 2631
93867 100051 2631
93887 100055 2631
93907 100055 2631
93927 100052 2632
93947 100055 2632
93967 100054 2632
93987 100052 2632
94007 100055 2632
94027 100053 2632
94047 100052 2632
94067 100052 2632
94087 100052 2632
94107 100057 2632
94127 100053 2632
94147 100051 2632
94167 100053 2632
94187 100054 2632
94207 100053 2632
94227 100052 2632
94247 100058 2632
94267 100053 2632
94287 100053 2632
94307 100052 2632
94327 100054 2633
94347 100053 2633
94367 100054 2633
94387 100057 2633
94407 100054 2633
94427 100053 2633
94447 100055 2633
94467 100054 2633
94487 100054 2633
94507 100056 2633
94527 100054 2633
94547 100051 2633
94567 100053 2633
94587 100054 2634
94607 100054 2633
94627 100054 2633
94647 100053 2634
94667 100054 2633
94687 100051 2634
94707 100053 2634
94727 100055 2634
94747 100056 2634
94767 100054 2634
94787 100054 2634
94807 100052 2634
94827 100055 2634
94847 100054 2634
94867 100053 2634
94887 100050 2634
94907 100054 2634
94927 100056 2634
94947 100057 2634
94967 100052 2634
94987 100055 2634
95007 100056 2634
95027 100054 2635
95047 100049 2635
95067 100050 2635
95087 100054 2635
95107 100052 2635
95127 100055 2635
95147 100054 2635
95167 100055 2635
95187 100051 2635
95207 100052 2635
95227 100056 2635
95247 100053 2635
95267 100053 2635
95287 100053 2635
95307 100053 2635
95327 100056 2635
95347 100051 2635
95367 100053 2635
95387 100053 2635
95407 100051 2635
95427 100053 2635
95447 100054 2636
95467 100054 2636
95487 100054 2636
95507 100054 2636
95527 100053 2636
95547 100056 2636
95567 100053 2636
95587 100051 2636
95607 100054 2636
95627 100053 2636
95647 100055 2636
95667 100055 2637
95687 100052 2637
95707 100052 2637
95727 100053 2637
95747 100051 2637
95767 100050 2637
95787 100054 2637
95807 100054 2637
95827 100053 2637
95847 100055 2637
95867 100052 2637
95887 100055 2637
95907 100058 2637
95927 100053 2637
95947 100052 2638
95967 100054 2637
95987 100053 2638
96007 100051 2638
96027 100053 2638
96047 100055 2638
96067 100057 2638
96087 100052 2638
96107 100054 2638
96127 100051 2638
96147 100056 2638
96167 100052 2638
96187 100051 2638
96207 100055 2639
96227 100052 2638
96247 100052 2639
96267 100055 2639
96287 100054 2639
96307 100052 2639
96327 100057 2639
96347 100051 2639
96367 100056 2639
96387 100054 2639
96407 100055 2639
96427 100053 2639
96447 100053 2639
96467 100053 2639
96487 100051 2639
96507 100053 2639
96527 100055 2639
96547 100058 2640
96567 100054 2639
96587 100055 2640
96607 100054 2639
96627 100051 2639
96647 100055 2640
96667 100054 2640
96687 100053 2640
96707 100054 2640
96727 100055 2640
96747 100055 2640
96767 100053 2640
96787 100054 2640
96807 100051 2640
96827 100053 2640
96847 100054 2640
96867 100055 2640
96887 100054 2640
96907 100054 2640
96927 100055 2640
96947 100054 2640
96967 100054 2640
96987 100055 2640
97007 100053 2640
97027 100053 2640
97047 100052 2640
97067 100053 2640
97087 100054 2640
97107 100054 2640
97127 100053 2640
97147 100053 2640
97167 100056 2641
97187 100052 2640
97207 100051 2640
97227 100053 2641
97247 100054 2641
97267 100054 2641
97287 100055 2641
97307 100052 2641
97327 100055 2641
97347 100053 2641
97367 100053 2640
97387 100051 2641
97407 100054 2641
97427 100050 2640
97447 100049 2641
97467 100052 2641
97487 100053 2641
97507 100053 2641
97527 100052 2641
97547 100054 2641
97567 100053 2641
97587 100053 2641
97607 100055 2641
97627 100052 2641
97647 100055 2641
97667 100050 2641
97687 100051 2641
97707 100052 2641
97727 100051 2641
97747 100055 2641
97767 100051 2641
97787 100054 2641
97807 100052 2641
97827 100053 2641
97847 100052 2641
97867 100053 2641
97887 100052 2641
97907 100052 2641
97927 100052 2641
97947 100055 2641
97967 100054 2641
97987 100055 2641
98007 100054 2641
98027 100053 2641
98047 100056 2641
98067 100053 2641
98087 100051 2641
98107 100053 2641
98127 100053 2641
98147 100049 2641
98167 100051 2641
98187 100053 2641
98207 100052 2641
98227 100052 2641
98247 100051 2641
98267 100053 2641
98287 100053 2641
98307 100052 2641
98327 100055 2642
98347 100053 2641
98367 100053 2642
98387 100053 2642
98407 100055 2642
98427 100051 2642
98447 100054 2642
98467 100052 2642
98487 100054 2642
98507 100052 2642
98527 100054 2642
98547 100054 2642
98567 100053 2642
98587 100054 2642
98607 100053 2642
98627 100052 2642
98647 100052 2642
98667 100052 2642
98687 100052 2642
98707 100055 2642
98727 100054 2642
98747 100054 2642
98767 100052 2642
98787 100053 2642
98807 100055 2642
98827 100052 2642
98847 100052 2642
98867 100051 2642
98887 100052 2642
98907 100052 2643
98927 100051 2642
98947 100054 2643
98967 100054 2643
98987 100055 2643
99007 100053 2643
99027 100054 2643
99047 100052 2643
99067 100051 2643
99087 100054 2643
99107 100056 2643
99127 100052 2643
99147 100051 2643
99167 100053 2643
99187 100051 2643
99207 100052 2643
99227 100048 2643
99247 100053 2643
99267 100054 2643
99287 100052 2643
99307 100057 2643
99327 100054 2643
99347 100055 2643
99367 100054 2643
99387 100051 2643
99407 100052 2643
99427 100053 2643
99447 100052 2643
99467 100049 2643
99487 100055 2643
99507 100054 2643
99527 100051 2643
99547 100053 2643
99567 100051 2643
99587 100051 2643
99607 100054 2643
99627 100054 2643
99647 100050 2643
99667 100050 2643
99687 100051 2644
99707 100052 2643
99727 100054 2644
99747 100053 2644
99767 100054 2643
99787 100052 2644
99807 100052 2643
99827 100052 2644
99847 100051 2644
99867 100055 2644
99887 100053 2644
99907 100052 2644
99927 100052 2644
99947 100052 2644
99967 100053 2644
99987 100054 2644
100007 100054 2644
100027 100053 2644
100047 100053 2644
100067 100052 2644
100087 100053 2644
100107 100052 2644
100127 100051 2644
100147 100055 2644
100167 100050 2645
100187 100049 2645
100207 100052 2645
100227 100053 2645
100247 100056 2645
100267 100054 2645
100287 100051 2645
100307 100051 2645
100327 100054 2645
100347 100055 2645
100367 100053 2645
100387 100051 2645
100407 100052 2645
100427 100054 2645
100447 100052 2645
100467 100051 2645
100487 100050 2645
100507 100052 2645
100527 100050 2645
100547 100055 2645
100567 100054 2645
100587 100050 2645
100607 100054 2646
100627 100053 2645
100647 100052 2645
100667 100053 2646
100687 100054 2646
100707 100051 2646
100727 100054 2646
100747 100051 2646
100767 100055 2646
100787 100049 2646
100807 100055 2646
100827 100051 2646
100847 100054 2646
100867 100052 2646
100887 100052 2646
100907 100053 2646
100927 100052 2646
100947 100052 2646
100967 100053 2646
100987 100054 2646
101007 100052 2646
101027 100052 2646
101047 100052 2646
101067 100050 2646
101087 100053 2646
101107 100053 2646
101127 100051 2646
101147 100051 2646
101167 100054 2646
101187 100054 2647
101207 100051 2647
101227 100052 2646
101247 100053 2646
101267 100054 2647
101287 100051 2647
101307 100053 2647
101327 100054 2647
101347 100051 2647
101367 100050 2647
101387 100053 2647
101407 100052 2647
101427 100053 2647
101447 100053 2647
101467 100051 2647
101487 100053 2647
101507 100052 2647
101527 100053 2647
101547 100052 2647
101567 100051 2647
101587 100053 2647
101607 100054 2647
101627 100055 2647
101647 100053 2647
101667 100054 2647
101687 100054 2647
101707 100053 2647
101727 100052 2647
101747 100054 2648
101767 100055 2648
101787 100054 2648
101807 100054 2647
101827 100052 2647
101847 100053 2648
101867 100051 2647
101887 100053 2648
101907 100051 2648
101927 100056 2648
101947 100052 2648
101967 100053 2648
101987 100055 2648
102007 100054 2648
102027 100053 2648
102047 100053 2648
102067 100054 2648
102087 100050 2648
102107 100053 2648
102127 100052 2648
102147 100050 2648
102167 100053 2648
102187 100051 2648
102207 100054 2648
102227 100054 2648
102247 100055 2648
102267 100052 2648
102287 100054 2648
102307 100053 2648
102327 100055 2648
102347 100052 2648
102367 100052 2648
102387 100052 2649
102407 100053 2648
102427 100054 2649
102447 100054 2649
102467 100051 2649
102487 100054 2649
102507 100051 2649
102527 100053 2649
102547 100052 2649
102567 100053 2649
102587 100052 2649
102607 100054 2649
102627 100054 2649
102647 100053 2649
102667 100055 2649
102687 100054 2650
102707 100055 2650
102727 100052 2649
102747 100052 2649
102767 100053 2649
102787 100053 2650
102807 100052 2649
102827 100052 2650
102847 100051 2650
102867 100053 2650
102887 100052 2650
102907 100052 2650
102927 100051 2650
102947 100052 2650
102967 100054 2650
102987 100054 2650
103007 100053 2650
103027 100051 2650
103047 100050 2650
103067 100052 2650
103087 100050 2650
103107 100053 2650
103127 100054 2650
103147 100055 2650
103167 100052 2650
103187 100054 2650
103207 100051 2651
103227 100054 2651
103247 100053 2650
103267 100054 2651
103287 100052 2651
103307 100054 2651
103327 100056 2651
103347 100052 2651
103367 100054 2651
103387 100055 2651
103407 100051 2651
103427 100053 2651
103447 100052 2651
103467 100054 2651
103487 100053 2651
103507 100053 2651
103527 100053 2651
103547 100055 2651
103567 100053 2651
103587 100053 2651
103607 100051 2651
103627 100049 2651
103647 100054 2651
103667 100053 2652
103687 100053 2651
103707 100054 2651
103727 100051 2652
103747 100051 2652
103767 100054 2652
103787 100052 2652
103807 100052 2652
103827 100054 2652
103847 100052 2652
103867 100052 2652
103887 100053 2652
103907 100054 2652
103927 100052 2652
103947 100054 2652
103967 100053 2652
103987 100051 2652
104007 100053 2652
104027 100051 2652
104047 100052 2653
104067 100053 2653
104087 100054 2653
104107 100051 2653
104127 100050 2653
104147 100052 2653
104167 100052 2653
104187 100053 2653
104207 100053 2653
104227 100053 2653
104247 100052 2653
104267 100051 2653
104287 100054 2653
104307 100055 2653
104327 100052 2654
104347 100054 2654
104367 100050 2654
104387 100053 2654
104407 100052 2654
104427 100054 2654
104447 100053 2654
104467 100056 2654
104487 100051 2654
104507 100052 2654
104527 100052 2654
104547 100050 2654
104567 100053 2654
104587 100054 2654
104607 100050 2654
104627 100053 2655
104647 100051 2655
104667 100055 2654
104687 100053 2655
104707 100052 2655
104727 100052 2655
104747 100053 2655
104767 100054 2655
104787 100052 2655
104807 100050 2655
104827 100054 2655
104847 100055 2655
104867 100053 2655
104887 100054 2655
104907 100054 2655
104927 100050 2655
104947 100054 2655
104967 100052 2655
104987 100051 2655
105007 100050 2655
105027 100051 2655
105047 100053 2655
105067 100055 2655
105087 100055 2655
105107 100055 2655
105127 100053 2655
105147 100052 2655
105167 100052 2655
105187 100054 2656
105207 100051 2655
105227 100053 2655
105247 100054 2656
105267 100052 2655
105287 100049 2655
105307 100053 2656
105327 100051 2656
105347 100051 2656
105367 100055 2656
105387 100052 2656
105407 100056 2656
105427 100050 2656
105447 100054 2656
105467 100050 2656
105487 100056 2656
105507 100055 2656
105527 100053 2656
105547 100055 2656
105567 100052 2656
105587 100054 2656
105607 100052 2656
105627 100053 2656
105647 100052 2656
105667 100050 2656
105687 100052 2656
105707 100053 2656
105727 100051 2656
105747 100052 2657
105767 100050 2656
105787 100052 2656
105807 100054 2656
105827 100054 2656
105847 100054 2656
105867 100051 2656
105887 100052 2656
105907 100050 2656
105927 100049 2656
105947 100055 2656
105967 100052 2656
105987 100052 2656
106007 100053 2656
106027 100049 2656
106047 100050 2656
106067 100050 2657
106087 100051 2656
106107 100050 2656
106127 100050 2657
106147 100047 2656
106167 100052 2656
106187 100049 2656
106207 100047 2656
106227 100051 2657
106247 100048 2656
106267 100049 2656
106287 100046 2656
106307 100049 2656
106327 100050 2656
106347 100049 2656
106367 100049 2656
106387 100047 2656
106407 100047 2656
106427 100049 2656
106447 100047 2656
106467 100047 2656
106487 100047 2656
106507 100049 2656
106527 100049 2656
106547 100047 2656
106567 100049 2656
106587 100047 2656
106607 100046 2656
106627 100049 2656
106647 100048 2656
106667 100045 2656
106687 100048 2656
106707 100047 2656
106727 100045 2656
106747 100044 2656
106767 100048 2656
106787 100048 2656
106807 100046 2656
106827 100047 2656
106847 100050 2656
106867 100046 2656
106887 100045 2656
106907 100047 2656
106927 100045 2656
106947 100047 2656
106967 100044 2656
106987 100046 2656
107007 100044 2656
107027 100047 2656
107047 100045 2656
107067 100041 2656
107087 100046 2656
107107 100043 2656
107127 100043 2656
107147 100044 2656
107167 100043 2656
107187 100043 2656
107207 100046 2656
107227 100044 2656
107247 100045 2656
107267 100044 2656
107287 100045 2656
107307 100043 2656
107327 100043 2656
107347 100043 2656
107367 100043 2656
107387 100044 2656
107407 100042 2656
107427 100044 2656
107447 100041 2656
107467 100041 2656
107487 100042 2656
107507 100042 2656
107527 100041 2656
107547 100040 2656
107567 100041 2656
107587 100044 2656
107607 100042 2656
107627 100043 2656
107647 100042 2656
107667 100043 2656
107687 100040 2656
107707 100042 2657
107727 100042 2656
107747 100042 2656
107767 100041 2656
107787 100042 2657
107807 100040 2657
107827 100040 2657
107847 100040 2657
107867 100041 2657
107887 100039 2657
107907 100039 2657
107927 100040 2657
107947 100043 2657
107967 100039 2657
107987 100040 2658
108007 100041 2657
108027 100040 2658
108047 100040 2658
108067 100041 2658
108087 100038 2658
108107 100039 2658
108127 100040 2658
108147 100039 2658
108167 100041 2658
108187 100038 2658
108207 100039 2658
108227 100041 2658
108247 100041 2659
108267 100038 2659
108287 100039 2659
108307 100040 2659
108327 100040 2659
108347 100037 2659
108367 100039 2659
108387 100039 2659
108407 100041 2659
108427 100037 2659
108447 100040 2659
108467 100038 2659
108487 100039 2659
108507 100038 2659
108527 100036 2659
108547 100040 2660
108567 100038 2660
108587 100038 2660
108607 100038 2660
108627 100038 2660
108647 100039 2660
108667 100036 2660
108687 100037 2660
108707 100040 2660
108727 100040 2660
108747 100039 2660
108767 100039 2660
108787 100038 2660
108807 100040 2660
108827 100037 2660
108847 100040 2660
108867 100040 2660
108887 100038 2661
108907 100035 2660
108927 100035 2661
108947 100041 2661
108967 100038 2661
108987 100038 2661
109007 100039 2661
109027 100039 2661
109047 100037 2661
109067 100039 2661
109087 100037 2661
109107 100037 2661
109127 100038 2661
109147 100039 2661
109167 100038 2661
109187 100038 2661
109207 100041 2661
109227 100039 2661
109247 100038 2661
109267 100039 2661
109287 100039 2661
109307 100040 2662
109327 100039 2662
109347 100040 2662
109367 100041 2662
109387 100038 2662
109407 100041 2662
109427 100039 2662
109447 100038 2662
109467 100040 2662
109487 100039 2662
109507 100039 2662
109527 100041 2662
109547 100041 2662
109567 100040 2663
109587 100040 2662
109607 100038 2662
109627 100040 2663
109647 100040 2663
109667 100044 2663
109687 100038 2663
109707 100037 2663
109727 100039 2663
109747 100040 2663
109767 100039 2663
109787 100040 2663
109807 100043 2663
109827 100040 2664
109847 100039 2664
109867 100039 2664
109887 100041 2664
109907 100039 2664
109927 100042 2664
109947 100039 2664
109967 100041 2664
109987 100041 2664
110007 100040 2664
110027 100042 2664
110047 100039 2665
110067 100042 2665
110087 100041 2665
110107 100040 2665
110127 100041 2665
110147 100041 2665
110167 100041 2665
110187 100039 2665
110207 100039 2665
110227 100042 2665
110247 100040 2665
110267 100042 2665
110287 100039 2665
110307 100042 2666
110327 100039 2666
110347 100040 2666
110367 100040 2666
110387 100040 2666
110407 100042 2666
110427 100042 2666
110447 100041 2666
110467 100041 2666
110487 100041 2666
110507 100042 2666
110527 100042 2666
110547 100041 2667
110567 100039 2667
110587 100041 2667
110607 100041 2667
110627 100039 2667
110647 100037 2667
110667 100041 2667
110687 100043 2667
110707 100042 2667
110727 100041 2667
110747 100040 2667
110767 100040 2667
110787 100043 2667
110807 100040 2667
110827 100040 2668
110847 100037 2668
110867 100039 2668
110887 100043 2668
110907 100042 2668
110927 100041 2668
110947 100040 2668
110967 100041 2668
110987 100042 2668
111007 100037 2668
111027 100039 2668
111047 100039 2668
111067 100037 2668
111087 100041 2669
111107 100041 2669
111127 100039 2669
111147 100039 2669
111167 100041 2668
111187 100042 2669
111207 100040 2669
111227 100041 2669
111247 100040 2669
111267 100041 2669
111287 100039 2669
111307 100040 2669
111327 100041 2669
111347 100040 2669
111367 100043 2670
111387 100039 2669
111407 100041 2669
111427 100041 2669
111447 100040 2669
111467 100040 2670
111487 100039 2670
111507 100035 2670
111527 100039 2670
111547 100041 2670
111567 100038 2670
111587 100040 2670
111607 100041 2670
111627 100039 2670
111647 100041 2670
111667 100040 2670
111687 100038 2670
111707 100041 2670
111727 100038 2670
111747 100040 2671
111767 100043 2670
111787 100039 2670
111807 100038 2670
111827 100040 2670
111847 100040 2670
111867 100039 2671
111887 100042 2671
111907 100040 2670
111927 100039 2671
111947 100040 2671
111967 100039 2671
111987 100040 2671
112007 100041 2671
112027 100039 2671
112047 100040 2671
112067 100040 2671
112087 100039 2671
112107 100039 2671
112127 100039 2671
112147 100040 2671
112167 100042 2671
112187 100040 2671
112207 100042 2671
112227 100043 2671
112247 100041 2671
112267 100042 2671
112287 100041 2671
112307 100043 2671
112327 100038 2671
112347 100040 2672
112367 100040 2671
112387 100039 2672
112407 100039 2671
112427 100041 2672
112447 100040 2672
112467 100042 2672
112487 100042 2672
112507 100041 2672
112527 100037 2672
112547 100040 2672
112567 100040 2672
112587 100041 2672
112607 100041 2672
112627 100039 2672
112647 100040 2672
112667 100038 2672
112687 100041 2672
112707 100043 2672
112727 100038 2672
112747 100041 2673
112767 100039 2672
112787 100038 2673
112807 100039 2673
112827 100042 2673
112847 100038 2673
112867 100043 2673
112887 100038 2673
112907 100039 2673
112927 100040 2673
112947 100037 2673
112967 100038 2673
112987 100039 2673
113007 100039 2673
113027 100038 2673
113047 100041 2673
113067 100039 2673
113087 100041 2674
113107 100042 2674
113127 100042 2674
113147 100038 2674
113167 100040 2674
113187 100039 2674
113207 100040 2674
113227 100040 2674
113247 100039 2674
113267 100039 2674
113287 100037 2674
113307 100040 2674
113327 100038 2674
113347 100037 2674
113367 100040 2674
113387 100042 2675
113407 100041 2674
113427 100040 2675
113447 100041 2674
113467 100041 2674
113487 100041 2674
113507 100039 2674
113527 100041 2675
113547 100043 2675
113567 100039 2675
113587 100043 2675
113607 100038 2675
113627 100041 2675
113647 100039 2675
113667 100039 2675
113687 100041 2675
113707 100040 2675
113727 100042 2675
113747 100039 2675
113767 100037 2675
113787 100041 2675
113807 100037 2676
113827 100038 2675
113847 100037 2676
113867 100041 2676
113887 100040 2676
113907 100039 2676
113927 100039 2676
113947 100041 2676
113967 100040 2676
113987 100039 2676
114007 100040 2676
114027 100042 2676
114047 100040 2676
114067 100038 2676
114087 100041 2676
114107 100040 2677
114127 100038 2676
114147 100039 2676
114167 100040 2676
114187 100039 2677
114207 100040 2677
114227 100042 2677
114247 100041 2677
114267 100040 2677
114287 100039 2677
114307 100040 2677
114327 100039 2677
114347 100040 2677
114367 100041 2677
114387 100040 2677
114407 100037 2677
114427 100041 2677
114447 100039 2678
114467 100041 2677
114487 100038 2678
114507 100040 2678
114527 100042 2678
114547 100040 2678
114567 100038 2678
114587 100042 2678
114607 100042 2678
114627 100040 2678
114647 100040 2678
114667 100039 2678
114687 100040 2678
114707 100040 2678
114727 100041 2678
114747 100042 2678
114767 100038 2678
114787 100041 2678
114807 100038 2679
114827 100038 2679
114847 100037 2679
114867 100043 2679
114887 100040 2679
114907 100038 2679
114927 100040 2679
114947 100039 2679
114967 100039 2679
114987 100038 2679
115007 100039 2679
115027 100039 2679
115047 100039 2679
115067 100039 2679
115087 100041 2679
115107 100039 2679
115127 100040 2679
115147 100042 2679
115167 100040 2679
115187 100037 2680
115207 100040 2679
115227 100041 2680
115247 100042 2680
115267 100038 2680
115287 100039 2680
115307 100038 2680
115327 100040 2680
115347 100041 2680
115367 100038 2680
115387 100038 2680
115407 100041 2680
115427 100041 2680
115447 100040 2680
115467 100038 2680
115487 100039 2681
115507 100039 2681
115527 100039 2681
115547 100041 2681
115567 100041 2681
115587 100039 2681
115607 100042 2681
115627 100040 2681
115647 100039 2681
115667 100037 2681
115687 100037 2681
115707 100039 2681
115727 100038 2681
115747 100039 2681
115767 100041 2681
115787 100040 2681
115807 100038 2681
115827 100041 2681
115847 100039 2681
115867 100040 2681
115887 100036 2682
115907 100040 2681
115927 100040 2682
115947 100039 2682
115967 100035 2681
115987 100040 2682
116007 100037 2682
116027 100039 2682
116047 100039 2682
116067 100039 2682
116087 100038 2682
116107 100037 2682
116127 100041 2682
116147 100042 2682
116167 100040 2682
116187 100039 2682
116207 100041 2682
116227 100039 2682
116247 100039 2682
116267 100037 2682
116287 100039 2683
116307 100042 2683
116327 100037 2683
116347 100039 2683
116367 100040 2683
116387 100039 2683
116407 100036 2683
116427 100039 2683
116447 100038 2683
116467 100037 2683
116487 100040 2683
116507 100039 2683
116527 100038 2683
116547 100037 2684
116567 100037 2683
116587 100040 2684
116607 100039 2684
116627 100040 2684
116647 100042 2684
116667 100040 2684
116687 100038 2684
116707 100037 2684
116727 100039 2684
116747 100038 2684
116767 100040 2684
116787 100038 2684
116807 100040 2684
116827 100040 2684
116847 100038 2684
116867 100038 2684
116887 100039 2684
116907 100038 2684
116927 100037 2685
116947 100041 2685
116967 100036 2685
116987 100040 2685
117007 100040 2685
117027 100039 2685
117047 100038 2685
117067 100037 2685
117087 100038 2685
117107 100039 2685
117127 100037 2685
117147 100040 2685
117167 100037 2685
117187 100038 2685
117207 100037 2685
117227 100039 2685
117247 100039 2685
117267 100036 2685
117287 100037 2685
117307 100037 2685
117327 100040 2685
117347 100040 2685
117367 100038 2685
117387 100039 2685
117407 100037 2685
117427 100039 2685
117447 100040 2685
117467 100037 2685
117487 100039 2685
117507 100037 2685
117527 100037 2685
117547 100037 2685
117567 100041 2686
117587 100038 2685
117607 100036 2685
117627 100038 2686
117647 100038 2686
117667 100037 2685
117687 100039 2686
117707 100037 2686
117727 100037 2686
117747 100035 2686
117767 100037 2686
117787 100037 2686
117807 100037 2686
117827 100036 2686
117847 100037 2686
117867 100033 2686
117887 100039 2686
117907 100039 2686
117927 100039 2686
117947 100038 2686
117967 100037 2686
117987 100037 2686
118007 100039 2686
118027 100037 2686
118047 100037 2686
118067 100036 2687
118087 100035 2686
118107 100037 2686
118127 100039 2687
118147 100040 2687
118167 100034 2687
118187 100038 2687
118207 100037 2687
118227 100038 2687
118247 100041 2687
118267 100038 2687
118287 100037 2687
118307 100037 2687
118327 100038 2687
118347 100038 2687
118367 100037 2687
118387 100038 2687
118407 100039 2687
118427 100039 2687
118447 100038 2687
118467 100037 2687
118487 100035 2687
118507 100039 2687
118527 100038 2688
118547 100036 2687
118567 100037 2688
118587 100039 2688
118607 100038 2688
118627 100036 2688
118647 100039 2688
118667 100038 2688
118687 100038 2688
118707 100036 2688
118727 100039 2688
118747 100038 2688
118767 100040 2688
118787 100036 2688
118807 100038 2688
118827 100038 2688
118847 100037 2688
118867 100038 2688
118887 100035 2689
118907 100036 2689
118927 100036 2689
118947 100040 2689
118967 100040 2689
118987 100039 2689
119007 100038 2689
119027 100039 2689
119047 100037 2689
119067 100039 2689
119087 100035 2689
119107 100037 2689
119127 100038 2689
119147 100035 2689
119167 100039 2689
119187 100039 2689
119207 100040 2689
119227 100037 2689
119247 100035 2690
119267 100040 2690
119287 100037 2690
119307 100037 2690
119327 100036 2690
119347 100038 2690
119367 100038 2690
119387 100035 2690
119407 100038 2690
119427 100040 2690
119447 100038 2690
119467 100035 2690
119487 100036 2690
119507 100041 2691
119527 100037 2690
119547 100038 2691
119567 100038 2691
119587 100038 2691
119607 100036 2691
119627 100038 2691
119647 100037 2691
119667 100042 2691
119687 100037 2691
119707 100037 2691
119727 100037 2691
119747 100037 2691
119767 100037 2691
119787 100039 2691
119807 100038 2691
119827 100040 2691
119847 100039 2691
119867 100038 2691
119887 100040 2692
119907 100036 2692
119927 100037 2692
119947 100037 2692
119967 100038 2692
119987 100039 2692
120007 100038 2692
120027 100037 2692
120047 100039 2692
120067 100037 2692
120087 100035 2692
120107 100038 2692
120127 100036 2692
120147 100039 2692
120167 100039 2692
120187 100036 2692
120207 100039 2692
120227 100038 2692
120247 100038 2693
120267 100036 2692
120287 100036 2692
120307 100036 2692
120327 100038 2693
120347 100036 2692
120367 100039 2693
120387 100037 2693
120407 100037 2693
120427 100037 2693
120447 100036 2693
120467 100036 2693
120487 100037 2693
120507 100037 2693
120527 100038 2693
120547 100038 2693
120567 100036 2693
120587 100037 2693
120607 100039 2693
120627 100036 2693
120647 100034 2693
120667 100037 2693
120687 100037 2693
120707 100038 2694
120727 100038 2694
120747 100038 2694
120767 100037 2693
120787 100039 2694
120807 100035 2693
120827 100037 2694
120847 100037 2694
120867 100036 2694
120887 100037 2694
120907 100037 2694
120927 100039 2694
120947 100038 2694
120967 100038 2694
120987 100035 2694
121007 100036 2694
121027 100039 2695
121047 100038 2694
121067 100035 2694
121087 100039 2695
121107 100037 2695
121127 100038 2695
121147 100034 2695
121167 100036 2695
121187 100037 2695
121207 100036 2695
121227 100035 2695
121247 100037 2695
121267 100035 2695
121287 100038 2695
121307 100039 2695
121327 100037 2695
121347 100038 2695
121367 100038 2695
121387 100036 2696
121407 100037 2696
121427 100041 2696
121447 100038 2696
121467 100038 2696
121487 100035 2696
121507 100039 2696
121527 100037 2696
121547 100037 2696
121567 100040 2696
121587 100038 2696
121607 100037 2696
121627 100038 2696
121647 100039 2697
121667 100038 2697
121687 100037 2697
121707 100042 2697
121727 100038 2697
121747 100036 2697
121767 100039 2697
121787 100038 2697
121807 100042 2697
121827 100038 2698
121847 100038 2698
121867 100037 2698
121887 100039 2698
121907 100039 2698
121927 100040 2698
121947 100039 2698
121967 100038 2698
121987 100040 2698
122007 100043 2698
122027 100042 2698
122047 100042 2698
122067 100039 2698
122087 100038 2699
122107 100039 2699
122127 100039 2699
122147 100039 2699
122167 100041 2699
122187 100040 2699
122207 100041 2699
122227 100040 2699
122247 100040 2699
122267 100040 2699
122287 100044 2699
122307 100043 2699
122327 100043 2699
122347 100040 2699
122367 100044 2699
122387 100040 2699
122407 100042 2699
122427 100043 2699
122447 100041 2699
122467 100040 2699
122487 100041 2699
122507 100042 2699
122527 100042 2699
122547 100040 2700
122567 100041 2700
122587 100044 2700
122607 100043 2700
122627 100042 2700
122647 100045 2700
122667 100040 2700
122687 100042 2700
122707 100042 2700
122727 100043 2700
122747 100043 2700
122767 100043 2700
122787 100044 2700
122807 100046 2700
122827 100046 2700
122847 100044 2700
122867 100044 2701
122887 100046 2701
122907 100043 2700
122927 100043 2701
122947 100042 2701
122967 100044 2701
122987 100045 2701
123007 100044 2701
123027 100045 2701
123047 100046 2701
123067 100045 2701
123087 100046 2701
123107 100044 2701
123127 100048 2701
123147 100044 2701
123167 100045 2701
123187 100047 2701
123207 100046 2701
123227 100046 2701
123247 100047 2701
123267 100048 2701
123287 100047 2701
123307 100050 2701
123327 100047 2702
123347 100046 2701
123367 100043 2701
123387 100047 2701
123407 100046 2701
123427 100051 2702
123447 100049 2702
123467 100046 2702
123487 100048 2702
123507 100050 2702
123527 100046 2702
123547 100048 2702
123567 100048 2702
123587 100050 2702
123607 100049 2702
123627 100049 2702
123647 100052 2702
123667 100050 2702
123687 100048 2702
123707 100047 2702
123727 100049 2702
123747 100049 2702
123767 100051 2702
123787 100049 2702
123807 100049 2702
123827 100051 2702
123847 100049 2702
123867 100051 2702
123887 100050 2702
123907 100050 2702
123927 100050 2702
123947 100053 2702
123967 100049 2702
123987 100051 2703
124007 100048 2703
124027 100049 2703
124047 100053 2703
124067 100049 2703
124087 100050 2703
124107 100050 2703
124127 100051 2703
124147 100052 2703
124167 100052 2703
124187 100049 2703
124207 100050 2703
124227 100049 2703
124247 100053 2703
124267 100051 2703
124287 100052 2703
124307 100053 2703
124327 100051 2703
124347 100051 2703
124367 100048 2703
124387 100049 2703
124407 100052 2703
124427 100051 2703
124447 100050 2703
124467 100053 2703
124487 100048 2703
124507 100050 2703
124527 100049 2703
124547 100049 2703
124567 100051 2703
124587 100052 2703
124607 100051 2703
124627 100050 2703
124647 100053 2703
124667 100051 2703
124687 100053 2703
124707 100048 2703
124727 100050 2703
124747 100051 2703
124767 100050 2703
124787 100051 2703
124807 100051 2703
124827 100051 2703
124847 100051 2703
124867 100049 2703
124887 100049 2703
124907 100049 2703
124927 100052 2702
124947 100049 2703
124967 100054 2703
124987 100053 2703
125007 100050 2703
125027 100052 2703
125047 100048 2702
125067 100049 2702
125087 100050 2703
125107 100048 2702
125127 100050 2702
125147 100051 2702
125167 100049 2703
125187 100049 2703
125207 100051 2703
125227 100052 2703
125247 100050 2703
125267 100049 2703
125287 100048 2703
125307 100050 2703
125327 100053 2703
125347 100050 2703
125367 100049 2703
125387 100052 2703
125407 100049 2703
125427 100052 2703
125447 100049 2703
125467 100052 2703
125487 100048 2703
125507 100052 2703
125527 100051 2703
125547 100051 2703
125567 100052 2703
125587 100050 2703
125607 100053 2703
125627 100051 2703
125647 100052 2703
125667 100048 2703
125687 100049 2703
125707 100051 2703
125727 100053 2703
125747 100050 2703
125767 100053 2703
125787 100054 2703
125807 100051 2703
125827 100051 2703
125847 100052 2703
125867 100054 2703
125887 100049 2703
125907 100051 2703
125927 100050 2703
125947 100053 2704
125967 100054 2703
125987 100050 2703
126007 100050 2703
126027 100049 2704
126047 100050 2704
126067 100052 2704
126087 100050 2703
126107 100050 2704
126127 100049 2703
126147 100052 2703
126167 100053 2703
126187 100053 2704
126207 100049 2704
126227 100051 2703
126247 100050 2704
126267 100052 2704
126287 100052 2704
126307 100049 2704
126327 100050 2704
126347 100052 2704
126367 100051 2704
126387 100051 2704
126407 100048 2704
126427 100049 2703
126447 100052 2704
126467 100050 2704
126487 100053 2704
126507 100050 2704
126527 100049 2704
126547 100050 2704
126567 100053 2704
126587 100049 2704
126607 100051 2703
126627 100049 2704
126647 100052 2704
126667 100049 2704
126687 100047 2703
126707 100054 2704
126727 100048 2703
126747 100049 2704
126767 100051 2703
126787 100054 2703
126807 100049 2703
126827 100050 2704
126847 100049 2704
126867 100050 2704
126887 100052 2704
126907 100052 2704
126927 100048 2704
126947 100050 2704
126967 100050 2703
126987 100049 2704
127007 100052 2704
127027 100050 2703
127047 100048 2704
127067 100051 2704
127087 100050 2704
127107 100049 2703
127127 100052 2703
127147 100050 2703
127167 100050 2704
127187 100051 2704
127207 100050 2703
127227 100048 2703
127247 100050 2704
127267 100051 2704
127287 100049 2704
127307 100050 2704
127327 100049 2704
127347 100051 2704
127367 100052 2704
127387 100051 2703
127407 100049 2704
127427 100051 2704
127447 100048 2704
127467 100052 2704
127487 100050 2704
127507 100048 2703
127527 100050 2704
127547 100049 2703
127567 100051 2703
127587 100052 2704
127607 100049 2704
127627 100050 2704
127647 100050 2704
127667 100052 2704
127687 100050 2704
127707 100053 2704
127727 100049 2704
127747 100052 2704
127767 100050 2704
127787 100050 2704
127807 100049 2704
127827 100052 2704
127847 100050 2704
127867 100050 2704
127887 100052 2704
127907 100051 2704
127927 100051 2704
127947 100052 2704
127967 100050 2704
127987 100051 2704
128007 100053 2704
128027 100049 2704
128047 100050 2704
128067 100052 2704
128087 100052 2704
128107 100050 2704
128127 100051 2704
128147 100050 2704
128167 100046 2704
128187 100052 2704
128207 100050 2704
128227 100054 2704
128247 100051 2704
128267 100051 2704
128287 100051 2704
128307 100051 2704
128327 100051 2704
128347 100052 2704
128367 100050 2704
128387 100051 2704
128407 100053 2704
128427 100052 2704
128447 100051 2704
128467 100051 2704
128487 100051 2704
128507 100051 2704
128527 100050 2704
128547 100053 2704
128567 100052 2704
128587 100050 2704
128607 100047 2704
128627 100051 2704
128647 100050 2704
128667 100048 2704
128687 100052 2704
128707 100051 2704
128727 100049 2704
128747 100050 2704
128767 100052 2704
128787 100051 2704
128807 100051 2704
128827 100049 2704
128847 100049 2704
128867 100053 2704
128887 100049 2704
128907 100050 2704
128927 100051 2704
128947 100051 2703
128967 100051 2704
128987 100049 2703
129007 100050 2703
129027 100050 2703
129047 100050 2703
129067 100049 2703
129087 100052 2703
129107 100051 2703
129127 100051 2703
129147 100050 2703
129167 100050 2703
129187 100049 2703
129207 100049 2703
129227 100050 2703
129247 100049 2703
129267 100050 2703
129287 100049 2703
129307 100052 2703
129327 100050 2702
129347 100053 2703
129367 100052 2703
129387 100051 2703
129407 100050 2702
129427 100050 2702
129447 100049 2702
129467 100050 2702
129487 100050 2702
129507 100051 2702
129527 100052 2702
129547 100050 2702
129567 100053 2702
129587 100054 2702
129607 100050 2702
129627 100049 2702
129647 100050 2702
129667 100048 2702
129687 100053 2702
129707 100051 2702
129727 100050 2702
129747 100052 2702
129767 100050 2702
129787 100048 2702
129807 100051 2702
129827 100051 2702
129847 100053 2702
129867 100051 2702
129887 100053 2702
129907 100050 2702
129927 100051 2702
129947 100052 2702
129967 100051 2702
129987 100049 2702
130007 100054 2702
130027 100049 2702
130047 100053 2702
130067 100049 2702
130087 100052 2702
130107 100052 2702
130127 100051 2702
130147 100049 2702
130167 100052 2702
130187 100051 2702
130207 100051 2702
130227 100050 2702
130247 100052 2702
130267 100049 2702
130287 100049 2702
130307 100050 2702
130327 100050 2702
130347 100051 2702
130367 100049 2702
130387 100052 2702
130407 100055 2702
130427 100051 2702
130447 100050 2702
130467 100049 2702
130487 100051 2702
130507 100052 2702
130527 100052 2702
130547 100052 2702
130567 100053 2702
130587 100049 2702
130607 100053 2702
130627 100051 2702
130647 100053 2702
130667 100052 2702
130687 100052 2702
130707 100049 2702
130727 100052 2702
130747 100049 2702
130767 100050 2702
130787 100049 2702
130807 100048 2702
130827 100051 2702
130847 100053 2702
130867 100051 2702
130887 100052 2702
130907 100049 2702
130927 100049 2702
130947 100052 2702
130967 100051 2702
130987 100051 2702
131007 100049 2702
131027 100051 2702
131047 100054 2702
131067 100051 2702
131087 100054 2702
131107 100049 2702
131127 100052 2702
131147 100052 2702
131167 100053 2702
131187 100050 2702
131207 100052 2702
131227 100049 2702
131247 100051 2702
131267 100052 2702
131287 100049 2702
131307 100050 2702
131327 100052 2702
131347 100053 2702
131367 100051 2702
131387 100053 2702
131407 100050 2702
131427 100051 2702
131447 100051 2702
131467 100052 2702
131487 100052 2702
131507 100055 2702
131527 100053 2702
131547 100052 2702
131567 100051 2702
131587 100051 2702
131607 100053 2702
131627 100050 2702
131647 100054 2702
131667 100052 2702
131687 100052 2702
131707 100048 2702
131727 100050 2702
131747 100052 2702
131767 100052 2702
131787 100052 2702
131807 100049 2702
131827 100051 2702
131847 100052 2702
131867 100051 2702
131887 100052 2703
131907 100052 2702
131927 100050 2702
131947 100052 2703
131967 100051 2703
131987 100053 2702
132007 100053 2703
132027 100052 2703
132047 100053 2703
132067 100051 2703
132087 100054 2703
132107 100048 2703
132127 100053 2703
132147 100052 2703
132167 100051 2703
132187 100051 2703
132207 100051 2703
132227 100050 2703
132247 100050 2703
132267 100051 2703
132287 100051 2703
132307 100055 2703
132327 100050 2703
132347 100055 2703
132367 100052 2703
132387 100051 2703
132407 100048 2703
132427 100051 2703
132447 100053 2703
132467 100051 2703
132487 100051 2704
132507 100054 2704
132527 100054 2704
132547 100052 2704
132567 100053 2704
132587 100051 2704
132607 100053 2704
132627 100052 2703
132647 100051 2704
132667 100051 2703
132687 100050 2704
132707 100051 2704
132727 100054 2704
132747 100049 2704
132767 100051 2704
132787 100049 2704
132807 100050 2704
132827 100056 2704
132847 100051 2704
132867 100054 2704
132887 100053 2704
132907 100052 2704
132927 100053 2704
132947 100053 2704
132967 100052 2704
132987 100051 2704
133007 100049 2704
133027 100054 2704
133047 100053 2704
133067 100050 2704
133087 100052 2704
133107 100052 2704
133127 100052 2704
133147 100050 2704
133167 100048 2704
133187 100052 2704
133207 100053 2704
133227 100052 2704
133247 100051 2704
133267 100052 2704
133287 100054 2704
133307 100050 2704
133327 100048 2703
133347 100053 2704
133367 100051 2703
133387 100050 2704
133407 100054 2704
133427 100049 2704
133447 100048 2704
133467 100053 2704
133487 100051 2703
133507 100053 2703
133527 100052 2703
133547 100048 2703
133567 100052 2703
133587 100053 2703
133607 100055 2703
133627 100054 2703
133647 100053 2703
133667 100053 2703
133687 100051 2703
133707 100051 2703
133727 100052 2703
133747 100051 2703
133767 100052 2703
133787 100050 2703
133807 100053 2703
133827 100052 2703
133847 100053 2703
133867 100052 2702
133887 100052 2702
133907 100050 2702
133927 100052 2702
133947 100050 2702
133967 100048 2702
133987 100051 2702
134007 100051 2702
134027 100052 2702
134047 100051 2702
134067 100047 2702
134087 100050 2702
134107 100050 2702
134127 100052 2702
134147 100052 2702
134167 100049 2702
134187 100050 2702
134207 100050 2702
134227 100051 2702
134247 100052 2701
134267 100050 2701
134287 100050 2701
134307 100053 2702
134327 100050 2701
134347 100050 2701
134367 100052 2701
134387 100053 2701
134407 100050 2701
134427 100048 2701
134447 100050 2701
134467 100050 2701
134487 100052 2701
134507 100052 2701
134527 100051 2701
134547 100049 2701
134567 100049 2701
134587 100052 2701
134607 100049 2701
134627 100052 2701
134647 100047 2701
134667 100050 2701
134687 100052 2701
134707 100051 2701
134727 100049 2700
134747 100051 2701
134767 100047 2700
134787 100051 2700
134807 100053 2700
134827 100049 2701
134847 100051 2700
134867 100051 2700
134887 100050 2700
134907 100048 2700
134927 100052 2700
134947 100048 2700
134967 100049 2700
134987 100052 2700
135007 100049 2700
135027 100054 2700
135047 100049 2700
135067 100052 2700
135087 100050 2700
135107 100051 2700
135127 100053 2700
135147 100052 2700
135167 100051 2700
135187 100051 2700
135207 100050 2700
135227 100050 2700
135247 100050 2700
135267 100048 2700
135287 100048 2700
135307 100052 2700
135327 100049 2700
135347 100052 2700
135367 100049 2700
135387 100050 2700
135407 100052 2700
135427 100052 2700
135447 100052 2699
135467 100051 2699
135487 100050 2699
135507 100050 2700
135527 100050 2699
135547 100048 2699
135567 100050 2699
135587 100048 2699
135607 100049 2699
135627 100049 2699
135647 100048 2699
135667 100050 2699
135687 100050 2699
135707 100050 2699
135727 100049 2699
135747 100048 2699
135767 100046 2699
135787 100046 2699
135807 100049 2699
135827 100050 2699
135847 100050 2699
135867 100049 2699
135887 100050 2699
135907 100047 2699
135927 100048 2699
135947 100049 2699
135967 100048 2699
135987 100047 2699
136007 100048 2699
136027 100047 2699
136047 100049 2699
136067 100046 2699
136087 100045 2699
136107 100047 2699
136127 100045 2698
136147 100044 2699
136167 100047 2699
136187 100046 2699
136207 100047 2699
136227 100045 2699
136247 100048 2699
136267 100045 2699
136287 100047 2699
136307 100047 2699
136327 100043 2699
136347 100045 2699
136367 100045 2699
136387 100044 2699
136407 100048 2699
136427 100044 2699
136447 100045 2700
136467 100048 2700
136487 100043 2699
136507 100044 2699
136527 100043 2700
136547 100045 2700
136567 100045 2700
136587 100043 2700
136607 100046 2700
136627 100044 2700
136647 100044 2700
136667 100041 2700
136687 100044 2700
136707 100045 2701
136727 100044 2701
136747 100044 2701
136767 100045 2701
136787 100043 2701
136807 100041 2701
136827 100045 2701
136847 100043 2701
136867 100044 2701
136887 100041 2701
136907 100043 2701
136927 100040 2701
136947 100043 2701
136967 100043 2701
136987 100043 2701
137007 100042 2701
137027 100042 2701
137047 100042 2702
137067 100040 2702
137087 100040 2701
137107 100041 2702
137127 100041 2701
137147 100042 2701
137167 100043 2701
137187 100043 2702
137207 100039 2701
137227 100039 2701
137247 100042 2701
137267 100040 2702
137287 100038 2701
137307 100038 2701
137327 100039 2701
137347 100041 2701
137367 100042 2701
137387 100040 2701
137407 100042 2701
137427 100041 2701
137447 100036 2701
137467 100042 2701
137487 100039 2701
137507 100040 2701
137527 100036 2701
137547 100038 2701
137567 100037 2701
137587 100038 2701
137607 100035 2701
137627 100037 2700
137647 100038 2701
137667 100039 2701
137687 100039 2701
137707 100037 2701
137727 100037 2700
137747 100038 2700
137767 100038 2700
137787 100036 2700
137807 100037 2700
137827 100040 2700
137847 100038 2700
137867 100035 2700
137887 100036 2700
137907 100038 2700
137927 100036 2700
137947 100036 2700
137967 100038 2700
137987 100036 2700
138007 100034 2700
138027 100035 2700
138047 100035 2700
138067 100036 2700
138087 100033 2700
138107 100034 2700
138127 100035 2699
138147 100033 2699
138167 100035 2700
138187 100037 2700
138207 100033 2700
138227 100032 2699
138247 100035 2699
138267 100033 2699
138287 100033 2700
138307 100032 2699
138327 100031 2699
138347 100033 2699
138367 100033 2699
138387 100033 2699
138407 100032 2699
138427 100034 2699
138447 100034 2699
138467 100032 2699
138487 100032 2699
138507 100032 2699
138527 100031 2699
138547 100031 2699
138567 100029 2699
138587 100031 2699
138607 100033 2699
138627 100032 2699
138647 100032 2699
138667 100033 2699
138687 100032 2699
138707 100032 2699
138727 100030 2699
138747 100030 2699
138767 100031 2699
138787 100032 2699
138807 100032 2699
138827 100031 2699
138847 100031 2699
138867 100031 2699
138887 100031 2699
138907 100032 2699
138927 100031 2699
138947 100032 2699
138967 100032 2699
138987 100030 2699
139007 100028 2699
139027 100029 2699
139047 100030 2699
139067 100032 2699
139087 100029 2699
139107 100027 2699
139127 100031 2699
139147 100029 2699
139167 100026 2699
139187 100029 2699
139207 100028 2699
139227 100030 2699
139247 100031 2699
139267 100027 2699
139287 100028 2699
139307 100028 2699
139327 100029 2699
139347 100027 2699
139367 100028 2699
139387 100027 2699
139407 100028 2699
139427 100026 2699
139447 100025 2699
139467 100028 2699
139487 100026 2699
139507 100029 2699
139527 100025 2698
139547 100028 2699
139567 100025 2699
139587 100027 2699
139607 100025 2699
139627 100027 2699
139647 100025 2699
139667 100026 2699
139687 100026 2699
139707 100026 2699
139727 100026 2699
139747 100022 2699
139767 100026 2699
139787 100024 2698
139807 100025 2699
139827 100030 2699
139847 100024 2699
139867 100025 2698
139887 100025 2699
139907 100024 2699
139927 100024 2699
139947 100028 2699
139967 100025 2699
139987 100023 2699
140007 100025 2699
140027 100024 2699
140047 100022 2699
140067 100023 2699
140087 100026 2699
140107 100022 2699
140127 100026 2699
140147 100021 2699
140167 100021 2699
140187 100024 2699
140207 100023 2699
140227 100023 2699
140247 100021 2699
140267 100023 2699
140287 100022 2699
140307 100022 2699
140327 100021 2699
140347 100022 2699
140367 100023 2699
140387 100023 2699
140407 100020 2699
140427 100021 2699
140447 100024 2699
140467 100021 2699
140487 100024 2699
140507 100021 2699
140527 100022 2699
140547 100023 2699
140567 100023 2699
140587 100020 2699
140607 100023 2699
140627 100021 2699
140647 100023 2699
140667 100023 2699
140687 100022 2699
140707 100023 2699
140727 100021 2699
140747 100022 2699
140767 100019 2699
140787 100023 2699
140807 100021 2699
140827 100021 2699
140847 100018 2699
140867 100022 2699
140887 100021 2699
140907 100022 2699
140927 100020 2699
140947 100021 2699
140967 100023 2699
140987 100020 2699
141007 100021 2699
141027 100019 2699
141047 100021 2699
141067 100022 2699
141087 100022 2699
141107 100022 2699
141127 100024 2699
141147 100022 2700
141167 100023 2699
141187 100022 2699
141207 100021 2699
141227 100020 2700
141247 100020 2700
141267 100019 2700
141287 100020 2700
141307 100022 2700
141327 100021 2700
141347 100021 2700
141367 100021 2700
141387 100021 2700
141407 100025 2700
141427 100019 2700
141447 100022 2700
141467 100021 2700
141487 100018 2700
141507 100020 2700
141527 100021 2700
141547 100018 2700
141567 100020 2700
141587 100021 2701
141607 100021 2700
141627 100020 2700
141647 100020 2701
141667 100021 2701
141687 100023 2701
141707 100019 2701
141727 100020 2701
141747 100020 2701
141767 100021 2701
141787 100020 2701
141807 100020 2701
141827 100023 2701
141847 100020 2701
141867 100019 2701
141887 100017 2701
141907 100020 2701
141927 100021 2701
141947 100024 2701
141967 100021 2701
141987 100021 2701
142007 100022 2701
142027 100019 2701
142047 100023 2701
142067 100021 2701
142087 100020 2701
142107 100020 2702
142127 100023 2701
142147 100022 2702
142167 100021 2702
142187 100021 2702
142207 100020 2701
142227 100022 2701
142247 100020 2701
142267 100022 2701
142287 100023 2702
142307 100020 2701
142327 100023 2702
142347 100019 2702
142367 100022 2702
142387 100020 2701
142407 100021 2702
142427 100020 2702
142447 100021 2702
142467 100020 2702
142487 100020 2702
142507 100018 2702
142527 100021 2702
142547 100022 2702
142567 100022 2701
142587 100021 2702
142607 100021 2702
142627 100018 2702
142647 100022 2702
142667 100020 2702
142687 100022 2702
142707 100020 2702
142727 100023 2702
142747 100021 2702
142767 100018 2702
142787 100019 2702
142807 100021 2702
142827 100019 2702
142847 100022 2702
142867 100019 2702
142887 100020 2702
142907 100021 2702
142927 100019 2702
142947 100022 2702
142967 100019 2702
142987 100021 2702
143007 100020 2702
143027 100021 2702
143047 100020 2702
143067 100022 2703
143087 100019 2702
143107 100019 2702
143127 100022 2703
143147 100022 2703
143167 100020 2703
143187 100022 2703
143207 100021 2703
143227 100020 2703
143247 100018 2703
143267 100019 2703
143287 100022 2703
143307 100021 2703
143327 100021 2703
143347 100019 2703
143367 100022 2703
143387 100021 2703
143407 100021 2703
143427 100024 2703
143447 100022 2704
143467 100021 2703
143487 100023 2704
143507 100020 2704
143527 100020 2704
143547 100021 2703
143567 100023 2704
143587 100022 2704
143607 100019 2704
143627 100022 2704
143647 100019 2704
143667 100021 2704
143687 100022 2704
143707 100021 2704
143727 100021 2704
143747 100022 2704
143767 100022 2704
143787 100021 2704
143807 100021 2704
143827 100019 2704
143847 100021 2704
143867 100019 2704
143887 100020 2704
143907 100021 2704
143927 100020 2704
143947 100020 2704
143967 100020 2704
143987 100021 2704
144007 100022 2704
144027 100022 2704
144047 100022 2704
144067 100019 2704
144087 100019 2704
144107 100022 2704
144127 100023 2704
144147 100019 2704
144167 100020 2704
144187 100020 2704
144207 100019 2704
144227 100022 2704
144247 100021 2704
144267 100024 2704
144287 100023 2704
144307 100020 2704
144327 100018 2704
144347 100021 2704
144367 100020 2704
144387 100020 2704
144407 100021 2704
144427 100020 2704
144447 100020 2704
144467 100019 2704
144487 100021 2704
144507 100022 2704
144527 100022 2705
144547 100018 2704
144567 100020 2704
144587 100023 2705
144607 100018 2704
144627 100018 2704
144647 100019 2704
144667 100022 2704
144687 100021 2704
144707 100019 2704
144727 100022 2704
144747 100020 2704
144767 100019 2704
144787 100021 2704
144807 100020 2705
144827 100022 2705
144847 100017 2704
144867 100021 2704
144887 100019 2705
144907 100022 2705
144927 100023 2705
144947 100022 2705
144967 100020 2705
144987 100019 2704
145007 100020 2705
145027 100019 2705
145047 100022 2705
145067 100023 2705
145087 100019 2705
145107 100020 2705
145127 100019 2705
145147 100017 2705
145167 100020 2705
145187 100019 2705
145207 100022 2705
145227 100020 2705
145247 100022 2705
145267 100019 2705
145287 100020 2705
145307 100018 2705
145327 100021 2705
145347 100020 2705
145367 100021 2705
145387 100019 2705
145407 100020 2705
145427 100016 2705
145447 100020 2705
145467 100021 2705
145487 100020 2705
145507 100019 2705
145527 100020 2705
145547 100019 2705
145567 100018 2705
145587 100020 2705
145607 100021 2705
145627 100018 2706
145647 100019 2706
145667 100020 2706
145687 100017 2705
145707 100020 2706
145727 100017 2706
145747 100021 2706
145767 100020 2706
145787 100021 2706
145807 100019 2706
145827 100019 2706
145847 100019 2706
145867 100019 2706
145887 100020 2706
145907 100019 2706
145927 100019 2706
145947 100019 2706
145967 100019 2706
145987 100022 2706
146007 100021 2706
146027 100020 2706
146047 100022 2706
146067 100019 2706
146087 100019 2706
146107 100020 2706
146127 100018 2707
146147 100021 2707
146167 100019 2707
146187 100020 2707
146207 100019 2707
146227 100020 2707
146247 100018 2707
146267 100019 2707
146287 100019 2707
146307 100020 2707
146327 100019 2707
146347 100020 2707
146367 100019 2707
146387 100021 2707
146407 100019 2707
146427 100022 2707
146447 100020 2708
146467 100017 2707
146487 100020 2707
146507 100018 2708
146527 100020 2708
146547 100021 2708
146567 100020 2708
146587 100020 2708
146607 100021 2708
146627 100021 2708
146647 100018 2708
146667 100023 2708
146687 100020 2708
146707 100021 2708
146727 100017 2708
146747 100019 2708
146767 100019 2708
146787 100020 2708
146807 100019 2708
146827 100020 2709
146847 100020 2708
146867 100022 2709
146887 100021 2709
146907 100022 2709
146927 100020 2709
146947 100022 2709
146967 100020 2709
146987 100021 2709
147007 100018 2709
147027 100020 2709
147047 100019 2709
147067 100022 2709
147087 100021 2709
147107 100021 2709
147127 100022 2709
147147 100019 2709
147167 100019 2709
147187 100021 2709
147207 100021 2709
147227 100021 2709
147247 100019 2709
147267 100017 2709
147287 100022 2709
147307 100021 2709
147327 100019 2710
147347 100021 2709
147367 100023 2709
147387 100018 2710
147407 100020 2710
147427 100022 2710
147447 100019 2710
147467 100018 2710
147487 100020 2710
147507 100021 2710
147527 100021 2710
147547 100020 2710
147567 100021 2710
147587 100021 2710
147607 100020 2710
147627 100021 2710
147647 100023 2710
147667 100021 2710
147687 100021 2710
147707 100022 2710
147727 100020 2710
147747 100022 2710
147767 100017 2710
147787 100018 2710
147807 100019 2710
147827 100021 2710
147847 100021 2710
147867 100017 2710
147887 100021 2710
147907 100020 2710
147927 100020 2710
147947 100019 2710
147967 100018 2710
147987 100019 2710
148007 100019 2711
148027 100019 2710
148047 100020 2711
148067 100024 2711
148087 100017 2710
148107 100021 2711
148127 100021 2711
148147 100017 2711
148167 100021 2711
148187 100020 2711
148207 100017 2711
148227 100022 2711
148247 100019 2711
148267 100021 2711
148287 100020 2711
148307 100019 2711
148327 100019 2711
148347 100019 2711
148367 100021 2711
148387 100019 2711
148407 100020 2711
148427 100021 2711
148447 100020 2711
148467 100019 2712
148487 100020 2711
148507 100020 2712
148527 100018 2712
148547 100018 2711
148567 100019 2712
148587 100020 2712
148607 100021 2712
148627 100018 2712
148647 100021 2712
148667 100019 2712
148687 100021 2712
148707 100017 2712
148727 100019 2712
148747 100023 2712
148767 100022 2712
148787 100020 2712
148807 100019 2712
148827 100021 2712
148847 100017 2712
148867 100021 2712
148887 100018 2713
148907 100022 2713
148927 100022 2713
148947 100020 2713
148967 100017 2713
148987 100020 2713
149007 100022 2713
149027 100020 2713
149047 100023 2713
149067 100021 2713
149087 100021 2713
149107 100020 2713
149127 100021 2713
149147 100019 2713
149167 100021 2713
149187 100021 2714
149207 100020 2714
149227 100021 2714
149247 100020 2714
149267 100022 2714
149287 100021 2714
149307 100020 2714
149327 100021 2714
149347 100023 2714
149367 100021 2714
149387 100020 2714
149407 100021 2714
149427 100023 2714
149447 100023 2714
149467 100023 2714
149487 100022 2714
149507 100020 2714
149527 100023 2714
149547 100023 2714
149567 100022 2714
149587 100021 2714
149607 100021 2714
149627 100024 2714
149647 100023 2715
149667 100021 2714
149687 100022 2714
149707 100021 2714
149727 100024 2714
149747 100022 2714
149767 100019 2715
149787 100023 2714
149807 100021 2715
149827 100022 2714
149847 100019 2715
149867 100022 2715
149887 100021 2715
149907 100020 2715
149927 100021 2714
149947 100023 2715
149967 100020 2715
149987 100020 2715
150007 100020 2715
150027 100022 2715
150047 100020 2715
150067 100021 2715
150087 100020 2715
150107 100021 2715
150127 100021 2715
150147 100024 2715
150167 100021 2715
150187 100022 2715
150207 100020 2715
150227 100023 2715
150247 100020 2715
150267 100020 2715
150287 100022 2715
150307 100020 2715
150327 100022 2715
150347 100023 2715
150367 100021 2715
150387 100022 2715
150407 100023 2716
150427 100022 2715
150447 100018 2716
150467 100021 2716
150487 100021 2716
150507 100020 2716
150527 100019 2716
150547 100020 2716
150567 100022 2716
150587 100021 2716
150607 100020 2716
150627 100021 2716
150647 100024 2716
150667 100020 2716
150687 100022 2716
150707 100021 2716
150727 100020 2716
150747 100019 2716
150767 100020 2716
150787 100018 2716
150807 100024 2716
150827 100022 2716
150847 100023 2716
150867 100019 2716
150887 100022 2716
150907 100020 2717
150927 100022 2716
150947 100023 2716
150967 100022 2716
150987 100018 2717
151007 100022 2717
151027 100023 2716
151047 100022 2717
151067 100024 2717
151087 100023 2717
151107 100023 2717
151127 100022 2717
151147 100021 2717
151167 100021 2717
151187 100021 2717
151207 100021 2717
151227 100023 2717
151247 100021 2717
151267 100021 2717
151287 100021 2717
151307 100023 2717
151327 100020 2718
151347 100022 2717
151367 100021 2717
151387 100022 2718
151407 100021 2717
151427 100021 2717
151447 100020 2718
151467 100022 2718
151487 100020 2718
151507 100023 2718
151527 100019 2718
151547 100023 2718
151567 100023 2718
151587 100022 2718
151607 100023 2718
151627 100022 2718
151647 100022 2718
151667 100019 2718
151687 100017 2718
151707 100023 2718
151727 100022 2718
151747 100021 2718
151767 100020 2718
151787 100020 2718
151807 100022 2718
151827 100020 2719
151847 100023 2719
151867 100022 2719
151887 100021 2719
151907 100020 2718
151927 100020 2719
151947 100021 2719
151967 100021 2719
151987 100022 2719
152007 100018 2719
152027 100018 2719
152047 100018 2719
152067 100023 2719
152087 100020 2719
152107 100021 2719
152127 100021 2719
152147 100021 2719
152167 100020 2719
152187 100020 2720
152207 100020 2719
152227 100019 2719
152247 100021 2720
152267 100017 2719
152287 100020 2720
152307 100022 2720
152327 100019 2720
152347 100018 2720
152367 100020 2720
152387 100019 2720
152407 100021 2720
152427 100018 2720
152447 100021 2720
152467 100019 2720
152487 100020 2720
152507 100023 2720
152527 100019 2720
152547 100023 2720
152567 100021 2720
152587 100021 2720
152607 100019 2720
152627 100018 2721
152647 100024 2721
152667 100019 2721
152687 100020 2721
152707 100021 2721
152727 100018 2721
152747 100021 2721
152767 100020 2721
152787 100022 2721
152807 100021 2721
152827 100022 2721
152847 100018 2721
152867 100021 2721
152887 100019 2721
152907 100023 2721
152927 100022 2721
152947 100021 2722
152967 100019 2722
152987 100022 2721
153007 100018 2721
153027 100020 2722
153047 100019 2721
153067 100020 2721
153087 100020 2721
153107 100017 2722
153127 100018 2721
153147 100019 2722
153167 100019 2722
153187 100021 2722
153207 100021 2722
153227 100020 2722
153247 100021 2722
153267 100019 2722
153287 100019 2722
153307 100020 2722
153327 100022 2722
153347 100020 2722
153367 100020 2722
153387 100021 2722
153407 100020 2723
153427 100019 2722
153447 100021 2722
153467 100020 2723
153487 100019 2722
153507 100019 2722
153527 100018 2722
153547 100020 2723
153567 100021 2723
153587 100021 2723
153607 100018 2723
153627 100021 2722
153647 100020 2723
153667 100019 2723
153687 100019 2723
153707 100020 2723
153727 100019 2723
153747 100022 2723
153767 100022 2723
153787 100021 2723
153807 100019 2723
153827 100021 2723
153847 100020 2723
153867 100018 2723
153887 100017 2723
153907 100021 2723
153927 100019 2723
153947 100021 2723
153967 100021 2723
153987 100020 2724
154007 100019 2723
154027 100022 2723
154047 100020 2724
154067 100018 2723
154087 100019 2724
154107 100019 2724
154127 100017 2724
154147 100021 2724
154167 100017 2724
154187 100022 2724
154207 100017 2724
154227 100019 2724
154247 100016 2724
154267 100021 2724
154287 100019 2724
154307 100020 2724
154327 100017 2724
154347 100018 2724
154367 100017 2724
154387 100019 2724
154407 100023 2724
154427 100021 2724
154447 100017 2724
154467 100018 2724
154487 100017 2724
154507 100023 2724
154527 100019 2725
154547 100017 2724
154567 100019 2724
154587 100020 2725
154607 100019 2725
154627 100017 2725
154647 100019 2725
154667 100018 2725
154687 100018 2725
154707 100019 2725
154727 100016 2725
154747 100019 2725
154767 100018 2725
154787 100019 2725
154807 100020 2725
154827 100018 2725
154847 100019 2725
154867 100020 2725
154887 100021 2725
154907 100022 2725
154927 100019 2725
154947 100020 2725
154967 100016 2725
154987 100020 2726
155007 100018 2725
155027 100020 2726
155047 100020 2725
155067 100021 2726
155087 100019 2726
155107 100018 2726
155127 100019 2726
155147 100018 2726
155167 100019 2726
155187 100018 2726
155207 100021 2726
155227 100019 2726
155247 100019 2726
155267 100019 2726
155287 100019 2726
155307 100016 2726
155327 100019 2726
155347 100020 2726
155367 100020 2726
155387 100021 2726
155407 100014 2726
155427 100020 2726
155447 100019 2726
155467 100019 2726
155487 100019 2726
155507 100018 2726
155527 100018 2727
155547 100017 2727
155567 100020 2726
155587 100019 2727
155607 100020 2727
155627 100018 2727
155647 100018 2727
155667 100020 2727
155687 100018 2727
155707 100020 2727
155727 100017 2727
155747 100020 2727
155767 100019 2727
155787 100018 2727
155807 100018 2727
155827 100019 2727
155847 100018 2727
155867 100019 2727
